,total,up,down
아직/MAG;정하/VV;지지/NNG;않/VX,3,2,1
라인/NNG,112,75,37
금융/NNG,670,384,286
자회사/NNG,60,32,28
파이낸셜/NNG,21,15,6
통하/VV,888,510,378
가상화폐/NNG,104,82,22
거래/NNG,1629,903,726
사업자/NNG,319,152,167
신청/NNG,121,73,48
시장/NNG,1183,710,473
확대/NNG,118,65,53
미정/NNG,2,2,0
거래소/NNG,1643,909,734
진출/NNG,49,33,16
하/VV,13282,7707,5575
사업자등록/NNG,2,1,1
심사/NNG,60,42,18
진행/NNG,328,206,122
밝히/VV,895,533,362
첨단/NNG,4,2,2
금융서비스/NNG,74,42,32
공/NNG,489,280,209
목적/NNG,87,45,42
설립/NNG,122,90,32
되/VV,4594,2648,1946
국민/NNG,112,68,44
대접/NNG,1,1,0
받/VV,897,525,372
토대/NNG,35,18,17
교환/NNG,92,61,31
운영/NNG,420,270,150
대출/NNG,232,168,64
험/NNG,45,35,10
서비스/NNG,1019,631,388
준비/NNG,185,104,81
설명/NNG,395,225,170
함께/MAG,251,152,99
블록체인/NNG,1851,1047,804
기술/NNG,706,378,328
활용/NNG,363,202,161
안전/NNG,72,49,23
이루/VV,232,134,98
있/VV,3442,1857,1585
방안/NNG,104,64,40
추진/NNG,110,60,50
관계자/NNG,256,138,118
간편/NNG,51,21,30
연동/NNG,103,65,38
아직/MAG,260,152,108
정하/VV,62,35,27
지지/NNG,98,61,37
않/VX,1499,864,635
적용/NNG,239,119,120
결정/NNG,184,119,65
없/VA,1103,615,488
원문/NNG,3,3,0
기/NNG,169,102,67
도/NNG,2081,1155,926
자료/NNG,1700,937,763
가격/NNG;변동성/NNG;확대/NNG,1,1,0
가격/NNG;상승/NNG,66,41,25
거품/NNG;터지/VV,4,3,1
생산자/NNG,8,8,0
추천인/NNG,9,9,0
상/NNG,247,147,100
부/NNG,180,107,73
독점/NNG,29,20,9
반기/NNG,7,7,0
작성/NNG,53,33,20
뒤/NNG,186,106,80
지나/VV,38,24,14
수정/NNG,43,26,17
삭/NNG,7,5,2
불가능/NNG,132,75,57
블로그/NNG,49,31,18
오르/VV,471,248,223
깊이/NNG,10,5,5
분석/NNG,287,168,119
글/NNG,77,49,28
노동/NNG,4,4,0
대가/VV,1,1,0
좋/VA,175,92,83
클릭/NNG,7,7,0
수/NNG,232,145,87
만족감/NNG,1,1,0
다/MAG,2857,1604,1253
수고/NNG,3,2,1
작성자/NNG,1,1,0
돈/NNG,344,220,124
벌/VV,69,43,26
동영상/NNG,22,17,5
다른가/VA,1,1,0
유튜브/NNG,51,22,29
잘/MAG,161,107,54
나가/VV,39,23,16
벌어들이/VV,5,3,2
구독자/NNG,4,4,0
바탕/NNG,50,32,18
계약/NNG,201,118,83
수익/NNG,221,114,107
아니/VCN,735,434,301
점차/MAG,67,44,23
많/VA,695,426,269
사람/NNG,561,326,235
스스로/MAG,29,20,9
만들/VV,339,203,136
공룡/NNG,6,1,5
배불리/VV,1,1,0
꼴/NNG,7,4,3
가/VV,1363,772,591
를/NNG,335,217,118
환산/NNG,10,7,3
어떻/VA,25,14,11
에스/NNG,18,14,4
스팀/NNG,45,43,2
잇/VV,14,9,5
수수료/NNG,251,157,94
없이/MAG,174,91,83
길/NNG,43,22,21
텄/VV,1,1,0
백서/NNG,50,29,21
발표/NNG,385,240,145
열풍/NNG,65,37,28
힘입/VV,14,12,2
대중/NNG,41,28,13
알려진/VV,54,29,25
숫자/NNG,26,15,11
시스템/NNG,486,248,238
잇/NNG,23,22,1
가입/NNG,67,51,16
읽/VV,79,51,28
독자/NNG,29,19,10
누르/VV,13,7,6
마음/NNG,38,18,20
드/VV,43,26,17
업/NNG,365,199,166
트/NNG,69,34,35
누를/VV,1,1,0
작자/NNG,8,6,2
커뮤니티/NNG,190,134,56
관/NNG,91,46,45
기여/NNG,42,23,19
정확/NNG,16,12,4
투명/NNG,73,47,26
상하/VV,4,4,0
시도/NNG,75,47,28
최초/NNG,78,52,26
생태계/NNG,166,99,67
통용/NNG,15,10,5
통화/NNG,177,108,69
파워/NNG,25,19,6
달러/NNG,1957,1125,832
취급/NNG,67,39,28
업소/NNG,5,3,2
시가/NNG,28,19,9
영향/NNG,216,110,106
여/VV,100,53,47
유한/VV,67,43,24
안/NNG,326,210,116
크/VV,106,56,50
이미/MAG,214,114,100
있/VA,720,419,301
오/VV,624,352,272
신규/NNG,94,56,38
똑같/VA,11,6,5
인/NNG,121,68,53
표/NNG,19,6,13
뜻/NNG,101,52,49
크/VA,803,419,384
이용자/NNG,168,108,60
때/NNG,517,318,199
더/MAG,971,526,445
최소/NNG,73,49,24
가격/NNG,1680,989,691
장/NNG,309,186,123
설계/NNG,76,39,37
급격/NNG,30,19,11
변동/NNG,59,34,25
대응/NNG,96,60,36
기준점/NNG,2,2,0
일정비율/NNG,7,5,2
환전/NNG,35,22,13
현금/NNG,139,86,53
비트코인/NNG,3082,1874,1208
채굴/NNG,549,351,198
투표/NNG,56,35,21
선출/NNG,2,1,1
증인/NNG,26,21,5
명/NNG,92,38,54
초/NNG,6,3,3
돌아/VV,52,27,25
블록/NNG,185,72,113
만든다/VV,5,3,2
바뀌/VV,83,43,40
굴러가/VV,3,2,1
활동/NNG,131,82,49
장려/NNG,17,12,5
위하/VV,1153,633,520
분배/NNG,18,12,6
돌아간다/VV,4,2,2
그러/VV,129,83,46
품앗이/NNG,1,1,0
맞/VV,85,47,38
생겨났/VV,6,5,1
날/NNG,81,53,28
호응/NNG,5,4,1
못하/VX,276,143,133
나중/NNG,12,10,2
재발견/NNG,1,1,0
이어지/VV,134,75,59
삭/MAG,19,14,5
점/NNG,328,190,138
차별/NNG,14,13,1
특성/NNG,56,37,19
기입/NNG,4,3,1
삭/VV,2,2,0
유료/NNG,10,9,1
죽/VV,6,1,5
종속/NNG,3,3,0
관심/NNG,192,121,71
당연/NNG,17,11,6
수순/NNG,5,4,1
강도/NNG,5,3,2
계정/NNG,207,102,105
시작/NNG,463,275,188
자신/NNG,230,135,95
일상/NNG,28,16,12
생활/NNG,24,12,12
모았/VV,34,27,7
달/NNG,97,53,44
이용/NNG,435,254,181
엔/NNG,193,99,94
후기/NNG,5,5,0
강/NNG,100,65,35
작가/NNG,46,31,15
잡지/NNG,3,3,0
물/NNG,34,10,24
섬/NNG,8,7,1
데뷔/NNG,9,7,2
탄생/NNG,34,14,20
소멸/NNG,5,4,1
지켜/VV,28,15,13
폼/NNG,2,2,0
차/NNG,103,69,34
성장/NNG,189,103,86
레일/NNG,4,1,3
올라타/VV,6,4,2
자정/NNG,6,3,3
속도/NNG,97,51,46
궤도/NNG,3,3,0
이탈/NNG,9,7,2
순간/NNG,31,20,11
흔적/NNG,2,2,0
사라지/VV,43,20,23
운명/NNG,13,6,7
인지/NNG,19,8,11
작/VA,105,66,39
가깝/VA,53,29,24
다가오/VV,13,6,7
견/NNG,7,6,1
필/NNG,298,178,120
기대/NNG,185,104,81
품/VV,9,6,3
존재/NNG,118,69,49
반갑/VA,5,4,1
드러나/VV,23,14,9
건/NNG,49,33,16
모이/VV,31,16,15
수준/NNG,253,123,130
벌어들인/VV,5,4,1
프리랜서/NNG,5,3,2
아이/NNG,24,15,9
후원/NNG,35,26,9
사건/NNG,126,82,44
기부/NNG,37,31,6
부정적/VAX,49,29,20
인식/NNG,85,46,39
직접/MAG,165,97,68
만난/VV,17,10,7
쓰/VV,141,74,67
신뢰/NNG,162,109,53
늘/VV,283,167,116
금액/NNG,75,51,24
만나/VV,50,29,21
놀/VV,6,4,2
다녀오/VV,1,1,0
원화/NNG,147,69,78
이른다/VV,16,6,10
봉사/NNG,1,1,0
전하/VV,187,117,70
공평/NNG,5,2,3
유통/NNG,62,23,39
유토피아/NNG,3,1,2
가리키/VV,7,3,4
갭/NNG,79,39,40
진입/NNG,46,26,20
얻/VV,139,77,62
어렵/VA,272,172,100
불평/NNG,1,1,0
한국인/NNG,14,12,2
조/NNG,115,67,48
어쩔/VV,7,5,2
계속/MAG,104,58,46
발굴/NNG,19,8,11
긍정적/VAX,53,26,27
인다/VV,278,145,133
전문/NNG,92,51,41
소소/NNG,3,1,2
열정/NNG,4,3,1
즐거움/NNG,1,1,0
는/VV,310,171,139
추천/NNG,20,10,10
매체/NNG,72,50,22
와이어/NNG,4,4,0
창업자/NNG,92,54,38
실/NNG,176,95,81
거품/NNG,64,29,35
터지/VV,18,9,9
가능성/NNG,338,198,140
의/NNG,321,192,129
사용/NNG,531,323,208
대략/MAG,6,4,2
넘/VV,286,159,127
추정/NNG,66,35,31
국/NNG,743,403,340
높/VA,449,238,211
방문자/NNG,6,5,1
기준/NNG,382,196,186
트래픽/NNG,21,11,10
기업/NNG,752,438,314
내/VV,153,85,68
통계/NNG,27,12,15
면/NNG,337,194,143
방문/NNG,20,12,8
국가/NNG,255,161,94
가장/MAG,416,237,179
곳/NNG,265,157,108
위/NNG,238,128,110
차지/NNG,92,52,40
최우선/NNG,11,4,7
과/NNG,410,267,143
발전계획/NNG,1,1,0
계획/NNG,326,175,151
육성/NNG,39,26,13
방침/NNG,58,39,19
거듭/MAG,28,17,11
규/NNG,785,441,344
반대/NNG,55,34,21
구하/VV,60,31,29
청원/NNG,7,6,1
공식/NNG,73,48,25
답변/NNG,31,22,9
누리집/NNG,2,1,1
추천자/NNG,1,1,0
질의/NNG,9,6,3
답변자/NNG,1,1,0
나서/VV,129,67,62
우선/MAG,73,40,33
과정/NNG,192,95,97
불투명/NNG,15,9,6
막/VV,120,55,65
적극/NNG,23,15,8
기본/NNG,87,51,36
현행법/NNG,14,6,8
테두리/NNG,5,3,2
두/VV,150,83,67
고/NNG,319,183,136
선의/NNG,3,2,1
피해자/NNG,33,24,9
발생/NNG,313,182,131
단속/NNG,63,39,24
사법/NNG,17,12,5
처리/NNG,141,76,65
역할/NNG,121,63,58
불공정/NNG,3,2,1
행위/NNG,122,66,56
대하/VV,16,9,7
단호/NNG,1,1,0
덧붙이/VV,124,74,50
홍/NNG,64,41,23
또/MAG,314,178,136
중/NNG,879,500,379
산업/NNG,282,164,118
발전/NNG,124,75,49
기본계획/NNG,2,2,0
물류/NNG,35,17,18
접목/NNG,29,10,19
유용/NNG,24,18,6
산업혁명/NNG,16,9,7
시대/NNG,83,49,34
핵심/NNG,129,69,60
예산/NNG,13,5,8
강조/NNG,109,60,49
앞서/MAG,74,48,26
도박판/NNG,3,1,2
이나/NNG,18,10,8
다단계/NNG,35,31,4
사기/NNG,131,84,47
빗대/VV,4,4,0
강경/NNG,4,2,2
놓/VV,74,38,36
이/VV,227,127,100
법무부/NNG,37,14,23
폐쇄/NNG,57,37,20
철회/NNG,16,12,4
반발/NNG,15,9,6
거셌/VA,1,1,0
행복/NNG,2,1,1
꿈/NNG,15,6,9
꾸/VV,1,1,0
목/NNG,129,62,67
새/NNG,7,6,1
참여/NNG,308,172,136
들/VV,260,146,114
판단/NNG,139,75,64
투자/NNG,862,512,350
마구잡이/NNG,1,1,0
발급/NNG,96,53,43
꼼꼼/MAG,2,2,0
알/VV,292,170,122
현명/NNG,4,3,1
실명/NNG,155,82,73
도입/NNG,194,103,91
탁/NNG,40,19,21
법/NNG,480,246,234
차단/NNG,18,13,5
험/VV,19,10,9
고서/NNG,223,133,90
결/NNG,481,296,185
낙관/NNG,23,12,11
안강/NNG,2,2,0
적절/NNG,35,22,13
필/VV,141,74,67
쓰이/VV,21,15,6
특히/MAG,227,118,109
외한/NNG,32,20,12
절반/NNG,37,20,17
나타나/VV,223,112,111
경/NNG,264,154,110
규모/NNG,429,236,193
급등락/NNG,3,3,0
패닉/NNG,12,12,0
새롭/VA,350,208,142
금융시장/NNG,69,49,20
현상/NNG,122,70,52
감안/NNG,26,15,11
지적/NNG,158,97,61
나오/VV,307,169,138
선임/NNG,21,13,8
발간/NNG,37,21,16
수록/NNG,3,3,0
특징/NNG,46,28,18
시사점/NNG,6,6,0
비해/VV,74,44,30
상당히/MAG,33,19,14
거래비중/NNG,3,3,0
계/NNG,295,171,124
낮/VA,160,75,85
거래액/NNG,22,16,6
가운데/NNG,175,108,67
미/NNG,130,74,56
순/NNG,10,8,2
많이/MAG,134,84,50
쓰인/VV,3,3,0
이더리움/NNG,691,378,313
리플/NNG,86,56,30
매입/NNG,51,34,17
매도/NNG,124,51,73
화폐/NNG,440,272,168
유일/NNG,40,19,21
기축통화/NNG,15,11,4
유로/NNG,34,22,12
능가/NNG,7,4,3
다소/MAG,37,21,16
기이/NNG,1,1,0
평가/NNG,187,88,99
다양/NNG,267,144,123
종류/NNG,52,37,15
활발히/MAG,11,6,5
나라/NNG,76,47,29
거래금액/NNG,8,4,4
비중/NNG,57,31,26
였/VV,95,48,47
로/NNG,310,167,143
실/VV,97,50,47
전/NNG,403,242,161
불과/MAG,67,41,26
대신/NNG,84,49,35
이유/NNG,291,172,119
식/NNG,140,69,71
무역/NNG,28,10,18
개방/NNG,20,14,6
활용도/NNG,4,4,0
생각/NNG,365,214,151
비교/NNG,70,39,31
패턴/NNG,14,7,7
외국/NNG,21,8,13
봐도/VV,12,8,4
무역금융/NNG,7,2,5
식거/NNG,2,2,0
유럽연합/NNG,20,15,5
상대적/VAX,28,15,13
얘기/NNG,69,38,31
익숙/NNG,23,16,7
대의/NNG,5,4,1
참여도/NNG,5,5,0
전망/NNG,215,120,95
인하/VV,192,110,82
초과수/NNG,1,1,0
자국/NNG,30,21,9
피하/VV,59,34,25
유입/NNG,43,24,19
해외/NNG,139,79,60
부화뇌동/NNG,1,1,0
투자심리/NNG,7,4,3
투기/NNG,48,23,25
과열/NNG,24,19,5
과대/NNG,3,1,2
파악/NNG,65,37,28
급등/NNG,125,66,59
떨어/VV,144,77,67
락과/NNG,1,1,0
차분/NNG,5,3,2
관찰/NNG,12,10,2
자연/NNG,17,9,8
금/NNG,298,210,88
상품/NNG,226,153,73
공급/NNG,159,84,75
한과/NNG,2,2,0
상승/NNG,557,327,230
상호/NNG,34,18,16
작용/NNG,54,23,31
변동성/NNG,231,65,166
이자/NNG,175,94,81
임/NNG,3,1,2
법정/NNG,132,89,43
잠재력/NNG,21,13,8
현실화/NNG,5,2,3
배/NNG,164,78,86
건전/NNG,25,14,11
해킹/NNG,132,90,42
피해/NNG,114,70,44
노출/NNG,40,26,14
호/NNG,109,51,58
수반/NNG,5,2,3
불가능/NNG;아니/VCN,1,0,1
풀/VV,48,28,20
노드/NNG,160,100,60
돌리/VV,36,22,14
아동/NNG,20,2,18
포르노/NNG,8,0,8
사실/NNG,192,132,60
포기/NNG,21,9,12
개발자/NNG,153,93,60
트위터/NNG,184,113,71
의견/NNG,121,75,46
물/VV,29,12,17
질문/NNG,115,66,49
이전/NNG,141,84,57
논의/NNG,115,71,44
링크/NNG,109,80,29
저장/NNG,109,71,38
공대/NNG,3,0,3
알려/VV,34,22,12
다시/MAG,247,131,116
수면/NNG,1,0,1
떠/VV,2,0,2
논란/NNG,74,50,24
려/NNG,68,40,28
전송/NNG,101,48,53
성범죄/NNG,1,0,1
따라서/VV,22,13,9
어기/VV,3,1,2
문/NNG,521,259,262
특정/NNG,210,103,107
다루/VV,36,19,17
불리/VV,35,23,12
공급자/NNG,4,0,4
사용자/NNG,264,142,122
모르/VV,76,36,40
불법/NNG,115,68,47
공유/NNG,127,69,58
책임/NNG,55,29,26
묻/VV,34,21,13
함/VV,3,2,1
일련/NNG,9,6,3
법조문/NNG,3,1,2
통과/NNG,72,31,41
공한/NNG,20,8,12
정/NNG,664,387,277
송신/NNG,2,0,2
품위/NNG,2,0,2
의하/VV,55,23,32
막/NNG,14,7,7
발효/NNG,8,5,3
완전히/MAG,61,39,22
무효/NNG,6,3,3
확실/NNG,25,12,13
암호화폐/NNG,3524,2151,1373
의미/NNG,229,141,88
만약/NNG,34,22,12
각국/NNG,66,36,30
벌어질지/VV,1,0,1
폭넓/VA,11,5,6
예/NNG,97,48,49
풀/NNG,76,55,21
류/NNG,32,20,12
놀랍/VA,13,6,7
피상/NNG,1,0,1
알고리즘/NNG,13,9,4
의도/NNG,28,16,12
여부/NNG,125,62,63
결정짓/VV,1,0,1
매우/MAG,178,94,84
소/NNG,180,102,78
전혀/MAG,44,28,16
걸러/VV,5,3,2
무절/NNG,1,0,1
용/NNG,194,118,76
절대/MAG,13,7,6
장부/NNG,15,7,8
보/VV,284,173,111
기록/NNG,336,161,175
윤리/NNG,6,0,6
여전히/MAG,129,69,60
남/VV,64,39,25
대해/VV,290,170,120
동맹/NNG,1,0,1
법조/NNG,5,2,3
실무그룹/NNG,9,2,7
속한/VV,3,0,3
로스쿨/NNG,1,0,1
아론/NNG,1,0,1
라이트/NNG,23,12,11
코인/NNG,2112,1254,858
데스크/NNG,517,304,213
같이/MAG,104,71,33
데이터구조/NNG,1,0,1
가지/VV,248,150,98
불변성/NNG,5,3,2
정신/NNG,19,13,6
사이/NNG,215,122,93
모순/NNG,8,3,5
잊힐권리/NNG,1,0,1
등장/NNG,90,43,47
숨겨진/VV,1,0,1
데이터/NNG,460,243,217
도대체/MAG,6,3,3
이미지/NNG,38,19,19
형태/NNG,127,76,51
컴퓨터/NNG,36,21,15
갑작/MAG,30,13,17
떠오르/VV,30,18,12
이해/NNG,104,51,53
숨겨져/VV,3,1,2
끄집/VV,3,2,1
사실상/MAG,41,17,24
노력/NNG,88,54,34
위치/NNG,49,30,19
비영리단체/NNG,8,2,6
센터/NNG,81,52,29
충/NNG,2,1,1
염려/NNG,6,2,4
표현/NNG,43,24,19
성경/NNG,2,1,1
문구/NNG,14,9,5
그대로/MAG,51,36,15
임의/NNG,12,8,4
모를/VV,7,2,5
문자열/NNG,1,0,1
나열/NNG,2,1,1
원래/MAG,25,18,7
복원/NNG,1,0,1
암호/NNG,141,70,71
거쳐야/VV,14,4,10
불행히/MAG,1,0,1
화해/NNG,9,2,7
비록/MAG,9,6,3
처벌/NNG,35,23,12
마다/NNG,4,2,2
다르/VA,92,48,44
소유/NNG,64,37,27
생산/NNG,80,50,30
판매/NNG,288,158,130
배포/NNG,38,22,16
접근/NNG,91,56,35
기억/NNG,21,10,11
오해/NNG,17,9,8
소지/NNG,11,4,7
문/VV,66,32,34
거의/MAG,105,50,55
추가/NNG,234,134,100
허용/NNG,56,35,21
오픈소스/NNG,38,24,14
버리/VV,5,2,3
끌/VV,57,33,24
해결/NNG,156,78,78
코넬/NNG,4,2,2
에민/NNG,4,2,2
살/VV,95,41,54
해독/NNG,4,0,4
기능/NNG,158,94,64
역/NNG,69,49,20
지우/VV,3,0,3
비슷/NNG,115,62,53
해법/NNG,7,3,4
매트/NNG,4,1,3
코랄/NNG,1,0,1
실력/NNG,3,2,1
접속/NNG,32,18,14
찾/VV,141,82,59
충분/NNG,31,18,13
쉽/VA,171,100,71
해결책/NNG,23,11,12
부족/NNG,65,42,23
앞서/VV,102,60,42
더욱/MAG,109,55,54
정의/NNG,49,32,17
기관/NNG,454,234,220
알려야/VV,2,1,1
의무/NNG,100,58,42
분명/MAG,55,32,23
익명/NNG,88,56,32
추적/NNG,137,88,49
관하/VV,204,134,70
종종/MAG,20,12,8
마치/MAG,26,14,12
타/VV,50,34,16
테러리스트/NNG,4,1,3
자금/NNG,618,341,277
뒤져/VV,3,2,1
같/VA,690,400,290
부적절/NNG,2,1,1
음란/NNG,1,0,1
장소/NNG,13,9,4
으로/MAG,419,230,189
애셋/NNG,17,8,9
증권거래소/NNG,18,7,11
비롯/NNG,114,67,47
맺/VV,50,31,19
개발/NNG,455,256,199
키트/NNG,21,6,15
담긴/VV,12,7,5
선/NNG,189,117,72
마스터스/NNG,6,0,6
덕분/NNG,29,13,16
훨씬/MAG,76,44,32
수월/NNG,7,2,5
빠르/VA,179,118,61
디/NNG,57,34,23
파지/NNG,1,0,1
토리/NNG,1,0,1
트러스트/NNG,16,9,7
코퍼레이션/NNG,7,5,2
버전/NNG,48,29,19
시험/NNG,32,11,21
밖/NNG,67,35,32
기업형/NNG,10,1,9
절차/NNG,115,56,59
간단/NNG,24,9,15
도구/NNG,42,21,21
경쟁기업/NNG,3,2,1
나/VA,15,12,3
창출/NNG,30,17,13
이렇게/MAG,133,67,66
와의/NNG,29,16,13
협력/NNG,106,49,57
본격/NNG,47,30,17
선/VV,31,18,13
이기/NNG,6,4,2
품질/NNG,7,5,2
개선/NNG,77,35,42
어떻게/MAG,143,86,57
가르치/VV,7,5,2
뉴욕/NNG,82,42,40
열/VV,200,107,93
스마트/NNG,117,69,48
군더더기/NNG,1,0,1
조직/NNG,78,46,32
수많/VA,46,23,23
분야/NNG,158,91,67
갖추/VV,39,15,24
소개/NNG,68,39,29
금융업계/NNG,7,3,4
사업/NNG,449,245,204
기회/NNG,107,63,44
효과/NNG,95,36,59
알/NNG,7,5,2
아/VV,29,14,15
일종/NNG,33,19,14
연습/NNG,3,2,1
거치/VV,75,33,42
애플리케이션/NNG,61,33,28
두루/MAG,7,4,3
서로/MAG,61,33,28
집중/NNG,78,52,26
프로젝트/NNG,501,300,201
지속/NNG,141,80,61
낫/VV,5,3,2
머지않아/MAG,3,2,1
베타버전/NNG,5,1,4
공개/NNG,329,222,107
소비자/NNG,103,43,60
써볼/VV,1,0,1
사실/MAG,63,39,24
업계/NNG,342,185,157
긴밀/NNG,11,3,8
협조/NNG,13,7,6
구축/NNG,205,134,71
오랫동안/NNG,27,16,11
힘/NNG,62,30,32
기울여/VV,1,0,1
목표/NNG,165,93,72
범용/NNG,5,1,4
분산/NNG,98,47,51
원장/NNG,37,12,25
하이퍼/NNG,32,23,9
컨소시엄/NNG,75,42,33
확인/NNG,399,211,188
맡/VV,90,53,37
이바지/NNG,6,2,4
게다가/MAG,22,12,10
최대/NNG,236,141,95
경쟁자/NNG,8,4,4
코르다/NNG,1,0,1
잇따르/VV,26,13,13
소스/NNG,23,12,11
예정/NNG,298,175,123
갓/MAG,32,26,6
걸음마/NNG,1,0,1
뗀/VV,4,1,3
방향/NNG,64,35,29
이끄/VV,61,26,35
용은/NNG,73,49,24
아꼈/VV,4,2,2
실현/NNG,49,23,26
혜택/NNG,47,20,27
에서/NNG,96,51,45
옵션/NNG,46,30,16
체스/NNG,1,0,1
리어/NNG,1,0,1
별개/NNG,13,5,8
철저히/MAG,12,5,7
분리/NNG,27,13,14
궁극적/VAX,21,13,8
합쳐/VV,12,5,7
으로/NNG,277,159,118
비용/NNG;증가/NNG,2,0,2
실물/NNG;성장/NNG,1,0,1
의구심/NNG;많/VA,1,0,1
밋/NNG,45,37,8
컨퍼런스/NNG,32,19,13
콘/NNG,27,5,22
참관기/NNG,1,0,1
왔/VV,26,18,8
사업가/NNG,8,7,1
참석/NNG,41,25,16
언론/NNG,36,25,11
학과/NNG,12,6,6
졸업/NNG,6,3,3
나이/NNG,10,3,7
공부/NNG,9,8,1
수평/NNG,2,1,1
흐름/NNG,52,24,28
쌍방향/NNG,1,0,1
소통/NNG,9,4,5
민/NNG,28,15,13
의가/NNG,9,4,5
가능/NNG,351,198,153
이러/NNG,142,80,62
사회/NNG,133,75,58
인터넷기업/NNG,3,1,2
극대/NNG,18,10,8
결과/NNG,199,124,75
막대/NNG,35,22,13
수집/NNG,67,37,30
통/MAG,82,47,35
소수/NNG,20,7,13
반박/NNG,20,11,9
원죄/NNG,1,0,1
팝업광고/NNG,1,0,1
터/NNG,14,6,8
비즈니스/NNG,23,13,10
모델/NNG,88,57,31
샤/NNG,14,1,13
미하일/NNG,1,0,1
감시/NNG,58,30,28
해진다/VV,1,0,1
자본/NNG,62,34,28
초래/NNG,15,4,11
당하/VV,5,2,3
어당/NNG,1,0,1
골라/VV,3,2,1
시/NNG,397,189,208
어젠/NNG,1,0,1
중심/NNG,106,68,38
심리학/NNG,5,3,2
학/NNG,9,5,4
연구/NNG,122,76,46
성과/NNG,72,42,30
컨트롤/NNG,2,0,2
정교/NNG,12,7,5
는데/VV,5,2,3
중앙/NNG,397,227,170
극복/NNG,14,5,9
병렬/NNG,1,0,1
적정/NNG,17,7,10
측면/NNG,55,27,28
집단지성/NNG,3,1,2
댓글/NNG,12,7,5
등/NNG,38,24,14
배열/NNG,2,0,2
페이지/NNG,16,9,7
구성/NNG,91,58,33
결합/NNG,32,15,17
모양/NNG,4,2,2
태그/NNG,8,2,6
성향/NNG,14,6,8
찾아오/VV,5,2,3
소셜미디어/NNG,24,14,10
당면/NNG,3,0,3
가지/NNG,27,17,10
약하/VA,13,8,5
토큰/NNG,894,629,265
인센티브/NNG,12,5,7
아이덴티티/NNG,3,1,2
명성/NNG,3,1,2
스케일링/NNG,2,0,2
텍/NNG,7,5,2
쳐/NNG,3,1,2
결국/MAG,138,86,52
유지/NNG,197,102,95
비용/NNG,125,66,59
감당/NNG,11,5,6
플레이어/NNG,13,10,3
스팸/NNG,2,0,2
시빌/NNG,3,2,1
공격/NNG,80,43,37
방어/NNG,5,3,2
필수/NNG,21,10,11
인증/NNG,150,71,79
스케일/NNG,15,9,6
대/NNG,77,51,26
생존/NNG,12,5,7
힘들/VA,33,17,16
트랜잭션/NNG,44,21,23
저렴/NNG,35,23,12
테스트/NNG,73,49,24
웹/NNG,76,56,20
구동/NNG,4,1,3
백문/NNG,1,0,1
불여일견/NNG,1,0,1
명확/NNG,38,21,17
둘러싸/VV,25,13,12
화두/NNG,6,4,2
쏟/VV,27,14,13
환경/NNG,102,60,42
희소/NNG,9,3,6
가로/NNG,4,3,1
통째/NNG,3,1,2
가져다/VV,8,7,1
팔/VV,104,49,55
취하/NNG,20,11,9
구조/NNG,75,42,33
이익/NNG,80,45,35
전환/NNG,110,65,45
실험/NNG,60,40,20
유독/MAG,5,3,2
인기/NNG,46,30,16
블로깅/NNG,2,1,1
소셜/NNG,12,8,4
확장/NNG,108,63,45
사례/NNG,183,88,95
고래로/MAG,1,0,1
지칭/NNG,5,1,4
부자/NNG,55,27,28
담합/NNG,3,0,3
생기/VV,64,41,23
잡음/NNG,2,1,1
끊이/VV,5,2,3
체인/NNG,274,165,109
대표자/NNG,5,1,4
뽑/VV,5,4,1
합리/NNG,2,1,1
의구심/NNG,59,40,19
좀/MAG,80,38,42
거버넌스/NNG,105,54,51
고민/NNG,55,33,22
프로/NNG,55,26,29
공저자/NNG,1,0,1
빠지/VV,41,24,17
친구/NNG,29,12,17
스테이트/NNG,4,1,3
채널/NNG,34,22,12
메인/VV,60,28,32
시큐리티/NNG,21,18,3
담/NNG,64,44,20
둔다는/VV,3,1,2
공통점/NNG,10,7,3
공통/NNG,16,8,8
죠/VA,1,0,1
일으킨다고/VV,1,0,1
이야기/NNG,161,113,48
사이즈/NNG,1,0,1
가스/NNG,86,26,60
한/NNG,53,33,20
남겨야/VV,1,0,1
세/VV,1,0,1
서티/NNG,1,0,1
게임이론/NNG,1,0,1
도출/NNG,11,6,5
우선순위/NNG,12,2,10
담/VV,101,76,25
한계/NNG,23,9,14
증폭/NNG,8,5,3
비/NNG,173,89,84
싸/VA,12,4,8
실패/NNG,47,32,15
확률/NNG,20,13,7
잘못/MAG,42,26,16
분쟁/NNG,14,4,10
걸어서/VV,1,0,1
검증/NNG,115,50,65
약점/NNG,8,3,5
구체적/VAX,85,51,34
기술적/VAX,52,25,27
백그라운드/NNG,1,0,1
무척/MAG,7,5,2
안/MAG,426,261,165
약화/NNG,9,4,5
선비/NNG,1,0,1
지불/NNG,100,47,53
패널티/NNG,1,0,1
날릴/VV,3,1,2
해서/VV,44,30,14
증가/NNG,281,159,122
고가/NNG,13,8,5
정직/NNG,3,0,3
슬롯/NNG,1,0,1
만일/NNG,13,8,5
마이너/NNG,6,5,1
포함/NNG,262,151,111
거부/NNG,26,12,14
맞추/VV,53,36,17
개입/NNG,33,17,16
메커니즘/NNG,26,17,9
구체/NNG,8,3,5
션/NNG,20,12,8
녹화/NNG,4,3,1
참조/NNG,17,7,10
나/VV,44,26,18
엑시트/NNG,2,0,2
얼마나/MAG,61,29,32
효율/NNG,34,19,15
단순화/NNG,3,2,1
캐시/NNG,56,32,24
개념/NNG,79,42,37
숙/VV,6,2,4
상태/NNG,140,78,62
파운데이션/NNG,3,2,1
실물/NNG,50,39,11
담아낼/VV,2,1,1
답/NNG,73,32,41
재/NNG,20,12,8
장점/NNG,46,26,20
날/VV,9,4,5
유스/NNG,8,2,6
봐야/VV,11,5,6
고유/NNG,27,14,13
초점/NNG,24,13,11
지원/NNG,370,220,150
한데/NNG,3,1,2
재단/NNG,116,74,42
펀드/NNG,206,124,82
일회/NNG,1,0,1
들어가/VV,41,23,18
인프라/NNG,114,61,53
인플레이션/NNG,109,52,57
매년/MAG,23,16,7
발행/NNG,416,231,185
바람직/NNG,23,13,10
논리/NNG,22,11,11
귀결/NNG,1,0,1
한정/NNG,20,6,14
목표가격/NNG,8,6,2
뒷받침/NNG,21,12,9
삼/VV,51,17,34
적극적/VAX,65,31,34
성숙/NNG,12,4,8
줄/VV,233,128,105
자/VV,45,24,21
시가총액/NNG,140,92,48
변하/VV,13,8,5
가정/NNG,26,16,10
일으키/VV,11,5,6
재정/NNG,42,17,25
생긴다/VV,13,6,7
생긴/VV,19,8,11
재원/NNG,5,1,4
실행/NNG,40,23,17
왜/MAG,57,31,26
현재가치/NNG,5,3,2
높/VV,90,53,37
확/MAG,105,47,58
청중/NNG,2,0,2
박수/NNG,1,0,1
소리/NNG,8,0,8
그리/MAG,102,60,42
들렸/VV,3,1,2
대체/NNG,89,48,41
여론/NNG,5,2,3
낮/VV,30,10,20
얼마/NNG,57,36,21
상도/NNG,1,0,1
더/NNG,87,39,48
심지어/MAG,28,19,9
유사/NNG,68,45,23
마당/NNG,1,0,1
아무리/MAG,9,4,5
조성/NNG,47,32,15
동의/NNG,36,19,17
런칭/NNG,3,1,2
수익/NNG;오르/VV,10,7,3
에프/NNG,22,19,3
출시/NNG,393,229,164
앞지르/VV,2,1,1
단숨에/MAG,4,2,2
캡/NNG,92,74,18
유명/NNG,84,51,33
사이트/NNG,103,66,37
정확/VAX,33,16,17
최상위/NNG,3,3,0
합한/VV,1,1,0
거래비용/NNG,13,10,3
비판/NNG,64,35,29
오비/NNG,49,30,19
출신/NNG,35,18,17
자연히/MAG,10,4,6
굴/NNG,37,28,9
선전/NNG,14,10,4
따르/VV,667,379,288
고객/NNG,379,224,155
배당/NNG,9,8,1
에어/NNG,14,7,7
드롭/NNG,12,5,7
대가/NNG,39,23,16
지급/NNG,153,106,47
환급/NNG,7,6,1
매일/MAG,18,13,5
쌓이/VV,6,5,1
유하/VV,121,78,43
출범/NNG,41,34,7
채/MAG,82,63,19
봇/NNG,29,12,17
프로그램/NNG,116,79,37
가짜/NNG,22,14,8
긁어모으/VV,1,1,0
의문/NNG,28,21,7
기했/VV,20,13,7
혐의/NNG,90,61,29
부인/NNG,18,13,5
바이/MAG,133,95,38
자오/NNG,31,25,6
그저/MAG,19,13,6
웨이/NNG,9,9,0
조종/NNG,20,8,12
유자/NNG,41,28,13
수익모델/NNG,8,5,3
배당금/NNG,3,2,1
매력/NNG,23,14,9
길/VA,36,26,10
계속/NNG,108,61,47
어리석/VA,3,3,0
오케이/NNG,12,6,6
유/NNG,79,51,28
조롱/NNG,2,2,0
협업/NNG,59,38,21
팀/NNG,111,84,27
헤이/NNG,4,4,0
대열/NNG,5,3,2
동참/NNG,8,6,2
감소/NNG,100,53,47
번역/NNG,61,39,22
뉴스/NNG,93,67,26
페퍼민트/NNG,12,8,4
경기/NNG;불황/NNG,1,1,0
경영/NNG;위험/NNG,1,1,0
가격/NNG;떨어/VV,7,5,2
위험/NNG;낮/VA,4,3,1
수학/NNG,23,13,10
알고리듬/NNG,32,13,19
오류/NNG,32,19,13
범할/VV,1,1,0
믿/VV,72,51,21
정치/NNG,77,56,21
지지자/NNG,20,14,6
질/NNG,8,6,2
떨어뜨렸으며/VV,1,1,0
각지/NNG,5,4,1
빈곤/NNG,4,3,1
몰아넣/VV,1,1,0
상상/NNG,28,13,15
속/NNG,64,38,26
미래/NNG,125,75,50
실수/NNG,13,9,4
자유/NNG,114,52,62
얼핏/MAG,2,2,0
그럴듯해/VA,1,1,0
지만/VCP,21,13,8
당장/MAG,37,23,14
실질/NNG,40,17,23
밝혀졌/VV,9,7,2
경기/NNG,50,28,22
불황/NNG,4,3,1
물가/NNG,65,31,34
스태그플레이션/NNG,2,2,0
간과/NNG,4,4,0
독립/NNG,36,25,11
절대/NNG,4,1,3
일지/NNG,4,2,2
몰라도/VV,10,9,1
미미/NNG,12,6,6
사이다/NNG,1,1,0
외환시장/NNG,3,2,1
육박/NNG,23,16,7
크기/NNG,5,3,2
약속/NNG,44,31,13
전통적/VAX,70,48,22
명목화폐/NNG,6,6,0
현실/NNG,73,40,33
맞닥뜨릴/VV,1,1,0
경영/NNG,26,15,11
위험/NNG,285,150,135
오늘날/NNG,31,19,12
매출/NNG,59,34,25
부채/NNG,59,27,32
갚/VV,6,5,1
관리/NNG,288,142,146
품/NNG,72,44,28
책정/NNG,17,9,8
구매/NNG,107,60,47
퍼블릭/NNG,37,24,13
아마도/MAG,9,5,4
정산/NNG,18,9,9
상당/NNG,98,56,42
외환/NNG,18,12,6
체결/NNG,77,45,32
결/VV,15,12,3
따로/MAG,21,11,10
은행/NNG,577,286,291
남길/VV,4,2,2
부합/NNG,12,10,2
자산/NNG,1481,828,653
완료/NNG,49,29,20
단순/NNG,22,13,9
진행하/VV,18,13,5
재고/NNG,6,5,1
팔리/VV,6,5,1
대금/NNG,15,13,2
자동/NNG,71,43,28
상환/NNG,18,11,7
상업/NNG,22,12,10
망라/NNG,1,1,0
모두/MAG,240,129,111
돕/VV,65,43,22
공존/NNG,11,6,5
하/NNG,13,9,4
관장/NNG,9,4,5
프라이빗/NNG,27,19,8
별로/MAG,12,10,2
라이덴/NNG,4,4,0
최소한/NNG,13,6,7
마지막/NNG,49,21,28
운영사/NNG,54,40,14
사분기/NNG,3,0,3
실적발표/NNG,5,0,5
적자/NNG,9,3,6
급락/NNG,62,31,31
원인/NNG,59,32,27
풀이/NNG,45,24,21
억만장자/NNG,13,6,7
실적/NNG,46,31,15
미실현손실/NNG,2,0,2
손/NNG,57,36,21
직결/NNG,6,4,2
손실/NNG,86,48,38
경비/NNG,6,2,4
지출/NNG,17,7,10
소득/NNG,123,55,68
취합/NNG,5,4,1
퍼스트/NNG,5,3,2
캐피털/NNG,78,39,39
합병/NNG,15,2,13
인수/NNG,100,72,28
상장/NNG,297,201,96
밟/VV,10,4,6
m&a/NNG,16,5,11
까다롭/VA,4,1,3
걸/VV,22,9,13
늦/VV,8,3,5
예상/NNG,163,87,76
늦/VA,28,21,7
자랑/NNG,4,2,2
실적/NNG;오르/VV,1,1,0
혜지/NNG,8,2,6
속아/NNG,2,2,0
잃/VV,34,17,17
스폰서/NNG,1,1,0
상위/NNG,20,15,5
고소/NNG,20,16,4
돌려받/VV,14,10,4
상담/NNG,22,13,9
조기/NNG,5,2,3
축구/NNG,2,2,0
회/NNG,23,15,8
대박/NNG,7,3,4
터뜨릴/VV,2,2,0
듣/VV,39,33,6
머지않/VA,3,2,1
선불카드/NNG,15,13,2
부풀/VV,2,2,0
년/NNG,172,109,63
거들떠/VV,1,1,0
애당초/NNG,1,1,0
어떠/NNG,22,14,8
씨/NNG,22,16,6
경위/NNG,4,2,2
거짓말/NNG,7,6,1
따지/VV,10,3,7
상급자/NNG,4,4,0
항변/NNG,1,1,0
발/NNG,67,39,28
땀/NNG,2,2,0
뛰어다니/VV,1,1,0
유치/NNG,91,54,37
쥐꼬리/NNG,1,1,0
수당/NNG,6,6,0
친척/NNG,4,4,0
권유/NNG,12,11,1
따돌림/VV,1,1,0
다단계판매/NNG,4,4,0
영업/NNG,101,54,47
판매원/NNG,2,2,0
판매업자/NNG,4,2,2
물건/NNG,35,19,16
반드시/MAG,46,27,19
공정거래위원회/NNG,4,2,2
등록/NNG,122,64,58
그렇/VA,121,57,64
방문판매/NNG,1,1,0
법률/NNG,108,49,59
방문판매법/NNG,1,1,0
바로/MAG,112,64,48
사기죄/NNG,8,7,1
재산/NNG,39,25,14
관계/NNG,113,59,54
지켜야/VV,8,8,0
신의/NNG,1,1,0
성실/NNG,2,1,1
저버리/VV,1,1,0
소극적/VAX,5,3,2
당연히/MAG,24,12,12
알려줘야/VV,1,1,0
구입/NNG,74,36,38
미쳤으니/VV,1,1,0
성립/NNG,7,3,4
만약/MAG,35,19,16
지시/NNG,14,7,7
공범/NNG,3,3,0
대해서/VV,94,62,32
고발/NNG,6,3,3
물론/MAG,91,58,33
반환/NNG,25,16,9
당한/VV,8,5,3
수사/NNG,88,52,36
재판/NNG,5,3,2
전부/NNG,7,3,4
을/NNG,69,42,27
조건/NNG,53,25,28
합의/NNG,60,35,25
형사/NNG,15,12,3
소송/NNG,64,25,39
원만/NNG,1,1,0
손해배상/NNG,6,4,2
민사소송/NNG,5,3,2
기하/VV,21,13,8
입증/NNG,23,15,8
증거/NNG,16,8,8
부정/NNG,9,8,1
인정/NNG,74,39,35
이익/NNG;줄/VV,2,2,0
궁금해하/VV,3,1,2
똑/MAG,1,1,0
부러진/VV,1,1,0
정비/NNG,19,11,8
규정/NNG,131,68,63
예측/NNG,108,79,29
확답/NNG,2,2,0
합리적/VAX,22,14,8
증여/NNG,43,33,10
대상/NNG,232,128,104
수증자/NNG,2,2,0
귀속/NNG,4,2,2
금전/NNG,16,13,3
환가/NNG,2,2,0
권리/NNG,26,17,9
됩니다/VV,37,20,17
신고/NNG,267,133,134
살펴볼까/VV,2,1,1
납부/NNG,30,17,13
아들/NNG,12,10,2
속하/VV,11,4,7
말일/NNG,2,1,1
신고서/NNG,19,10,9
관할/NNG,6,3,3
무서/VA,1,1,0
출/VV,74,40,34
가액/NNG,11,11,0
작/VV,17,13,4
혼란/NNG,29,18,11
만일/MAG,10,5,5
종가/NNG,12,10,2
당/NNG,111,65,46
대체/MAG,56,41,15
원칙/NNG,36,23,13
이때/NNG,38,22,16
다수/NNG,41,25,16
통상/NNG,42,16,26
전후/NNG,7,4,3
매매/NNG,49,22,27
감정/NNG,22,22,0
아버지/NNG,18,17,1
애매/NNG,8,6,2
벌어집니다/VV,2,1,1
계산/NNG,43,21,22
초과/NNG,18,16,2
산정/NNG,12,8,4
과소/NNG,5,5,0
가산/NNG,4,4,0
부과/NNG,55,30,25
결론/NNG,26,13,13
말씀/NNG,8,5,3
드리/VV,15,6,9
관청/NNG,5,4,1
미납/NNG,2,1,1
지/NNG,26,17,9
전자지갑/NNG,24,13,11
소유권/NNG,36,19,17
자금출처/NNG,2,2,0
증/NNG,8,4,4
여자/NNG,1,1,0
드릴/VV,3,2,1
인상/NNG,45,22,23
게/NNG,17,17,0
쉽사리/MAG,3,2,1
개인/NNG,415,258,157
이러/VV,10,5,5
저러/VV,2,1,1
눈치/NNG,3,3,0
모두/NNG,60,33,27
나쁘/VA,23,12,11
전개/NNG,6,4,2
법안/NNG,92,43,49
희망/NNG,38,19,19
사무소/NNG,12,6,6
타격/NNG;줄/VV;아니/VCN,1,0,1
성장/NNG;방해/NNG,1,0,1
허락/NNG,6,5,1
수입/NNG,29,16,13
충족/NNG,39,17,22
청/NNG,88,51,37
류수/NNG,1,0,1
입/NNG,24,15,9
면허/NNG,7,2,5
약/NNG,158,79,79
품안/NNG,3,2,1
전처/NNG,4,2,2
검역/NNG,2,1,1
여개/NNG,23,9,14
불구/NNG,47,21,26
별도/NNG,57,33,24
허가/NNG,45,27,18
도/VV,12,3,9
마련/NNG,125,73,52
지위/NNG,42,18,24
특화/NNG,9,4,5
약관/NNG,17,5,12
형/NNG,39,26,13
사상/NNG,53,23,30
법리/NNG,2,0,2
고의/NNG,7,3,4
범죄/NNG,146,90,56
계좌/NNG,186,89,97
입금/NNG,95,42,53
사라진다면/VV,2,0,2
민/VV,20,12,8
조치/NNG,101,56,45
수행/NNG,48,24,24
천재지변/NNG,1,0,1
장애/NNG,12,10,2
빼돌리/VV,3,1,2
형사법/NNG,1,0,1
빼돌릴/VV,1,0,1
정상/NNG,32,17,15
욕심/NNG,2,1,1
빼돌린/VV,3,1,2
횡령죄/NNG,1,0,1
피해금액/NNG,5,3,2
합/NNG,14,4,10
산액/NNG,1,0,1
가중/NNG,9,2,7
무겁/VA,5,3,2
벌/NNG,8,4,4
입장/NNG,136,69,67
부당이득/NNG,1,0,1
청구/NNG,16,5,11
근거/NNG,39,16,23
가져가/VV,7,4,3
촉진/NNG,21,9,12
특례법/NNG,4,1,3
배상명령/NNG,3,0,3
유죄/NNG,7,3,4
판결/NNG,36,20,16
배상/NNG,7,3,4
횡령/NNG,11,2,9
법원/NNG,64,32,32
직권/NNG,1,0,1
명할/VV,1,0,1
명령/NNG,20,12,8
민사/NNG,4,1,3
승소/NNG,4,2,2
동일/NNG,42,21,21
집행/NNG,19,5,14
피해액/NNG,11,10,1
기소/NNG,31,20,11
피로/NNG,4,0,4
느끼/VV,29,13,16
선정/NNG,57,27,30
경쟁/NNG,84,46,38
치열/NNG,12,10,2
해지/NNG,60,22,38
안정성/NNG,24,13,11
고려/NNG,88,49,39
타격/NNG,34,20,14
방해/NNG,14,6,8
안정성/NNG;강화/NNG,1,0,1
기회/NNG;위험/NNG,2,1,1
형성/NNG,57,36,21
화/NNG,31,19,12
청서/NNG,8,1,7
각종/NNG,96,60,36
게재/NNG,26,15,11
범/VV,1,0,1
처/NNG,14,7,7
이르/VV,71,42,29
이메일/NNG,38,27,11
우편/NNG,5,2,3
배달/NNG,8,6,2
산하/NNG,50,31,19
실익/NNG,1,0,1
구성원/NNG,22,11,11
파생상품시장/NNG,20,4,16
감독/NNG,60,36,24
언급/NNG,192,110,82
정/MAG,20,8,12
본연/NNG,1,0,1
원활/NNG,18,8,10
더불/VV,76,45,31
강화/NNG,138,86,52
해낼/VV,2,0,2
차이점/NNG,14,9,5
특별히/MAG,8,4,4
명확히/MAG,17,5,12
항목/NNG,24,10,14
생성/NNG,64,36,28
지배력/NNG,4,2,2
사항/NNG,60,30,30
사이버/NNG,39,23,16
수탁업무/NNG,4,1,3
지분/NNG,86,61,25
증명/NNG,153,80,73
예치금/NNG,69,42,27
감사/NNG,59,28,31
관점/NNG,61,40,21
문항/NNG,4,2,2
파생상품/NNG,94,51,43
수익구조/NNG,3,2,1
바꿔갈/VV,1,0,1
끼치/VV,10,3,7
력/NNG,41,19,22
금융시장/NNG;상승/NNG,2,2,0
가격/NNG;최고점/NNG,3,1,2
투자/NNG;위험/NNG,6,5,1
가격/NNG;최저/NNG,1,1,0
판매/NNG;증가/NNG,1,1,0
가격/NNG;하락/NNG,59,32,27
가격/NNG;거품/NNG,3,2,1
롤러코스터/NNG,2,2,0
예외/NNG,15,7,8
인간/NNG,29,12,17
두려움/NNG,16,4,12
탐욕/NNG,8,7,1
끊임없이/MAG,12,10,2
오간다/VV,1,1,0
균형/NNG,8,4,4
심리/NNG,39,22,17
사이클/NNG,21,11,10
수년/NNG,19,13,6
중개인/NNG,23,13,10
곡선/NNG,18,9,9
도표/NNG,8,5,3
변화/NNG,131,81,50
정점/NNG,9,7,2
희열/NNG,6,6,0
지점/NNG,30,24,6
확신/NNG,26,13,13
정립/NNG,4,2,2
변/NNG,15,8,7
최고점/NNG,13,8,5
찍/VV,53,38,15
거대/NNG,30,20,10
태풍/NNG,1,1,0
전야/NNG,1,1,0
머무르/VV,36,19,17
단/VA,3,2,1
개당/NNG,105,55,50
곧/MAG,66,34,32
매수/NNG,187,88,99
예고/NNG,60,39,21
신호/NNG,86,48,38
접어들/VV,18,9,9
최고/NNG,182,96,86
경신/NNG,56,32,24
강력/NNG,50,24,26
만/NNG,14,7,7
사그라지/VV,2,1,1
계적/NNG,38,18,20
불안/NNG,27,18,9
살피/VV,64,38,26
회복/NNG,82,51,31
소폭/MAG,26,12,14
비쳤/VV,7,6,1
무참히/MAG,1,1,0
깨/VV,9,6,3
최저/NNG,40,18,22
찍기/NNG,1,1,0
분위기/NNG,49,30,19
지배적/VAX,4,4,0
가까이/MAG,34,21,13
하락/NNG,347,189,158
대비/NNG,157,90,67
급속/NNG,10,5,5
개미/NNG,16,5,11
떠났/VV,6,5,1
일각/NNG,30,18,12
투매/NNG,5,5,0
대량/NNG,31,19,12
단어/NNG,18,12,6
항복/NNG,3,2,1
단기간/NNG,13,7,6
일어나/VV,99,65,34
마지노선/NNG,3,3,0
붕괴/NNG,15,9,6
변의/NNG,5,4,1
극도/NNG,5,4,1
비참/NNG,1,1,0
침체/NNG,20,13,7
단서/NNG,7,4,3
검토/NNG,85,55,30
꽤/MAG,28,12,16
다가서/VV,2,2,0
겪/VV,67,40,27
분노/NNG,7,5,2
손해/NNG,28,18,10
적당/NNG,7,5,2
직면/NNG,12,4,8
우울/NNG,3,3,0
더이상/MAG,35,17,18
찾아볼/VV,5,4,1
다시금/MAG,4,3,1
재/VV,6,4,2
노리/VV,31,16,15
의지/NNG,19,10,9
강하/VA,37,22,15
납득/NNG,4,4,0
절망/NNG,2,1,1
투자기회/NNG,5,4,1
동력/NNG,12,10,2
두렵/VA,7,5,2
두려워하/VV,3,1,2
이라/VV,2,2,0
스타트업/NNG,129,75,54
가/NNG,19,13,6
도달/NNG,22,12,10
선언/NNG,26,17,9
환불/NNG,10,9,1
중단/NNG,179,92,87
생겨/VV,3,2,1
동업/NNG,3,2,1
운용/NNG,38,15,23
배임/NNG,3,1,2
목표금액/NNG,2,1,1
자금부족/NNG,1,1,0
사안/NNG,20,13,7
동업자/NNG,2,2,0
약정/NNG,36,18,18
계약서/NNG,23,15,8
해석/NNG,55,30,25
규율/NNG,13,8,5
권한/NNG,60,34,26
표시/NNG,31,17,14
문서/NNG,82,47,35
사용권/NNG,2,2,0
지분권/NNG,1,1,0
완성/NNG,28,15,13
조항/NNG,34,16,18
그러/NNG,12,10,2
바랍니다/VV,17,12,5
우선/NNG,4,4,0
기망/NNG,1,1,0
들어/VV,12,7,5
관여/NNG,15,11,4
허위/NNG,21,12,9
단순히/MAG,26,18,8
민법/NNG,1,1,0
위반/NNG,53,29,24
장할/VA,12,9,3
마케팅/NNG,46,31,15
직원/NNG,61,41,20
건네/VV,2,2,0
일방적/VAX,12,6,6
불리/NNG,6,1,5
훌륭/NNG,14,10,4
실체/NNG,5,4,1
현혹/NNG,4,4,0
공백/NNG,4,2,2
본인/NNG,47,28,19
옥석/NNG,3,1,2
가리/VV,4,3,1
꼼꼼히/MAG,7,4,3
습관/NNG,3,3,0
묻지마투자/NNG,1,1,0
금기시/NNG,1,1,0
아름답/VA,2,2,0
문화/NNG,48,19,29
윈윈/NNG,1,1,0
가격/NNG;오르/VV,40,24,16
달리/MAG,91,59,32
탓/NNG,34,17,17
무력감/NNG,1,1,0
떠도/VV,3,3,0
이랬/VV,3,3,0
소문/NNG,35,19,16
체/NNG,29,13,16
정리/NNG,41,26,15
접해/VV,1,1,0
신/VA,2,2,0
가두리/NNG,4,3,1
양식/NNG,9,7,2
입출금/NNG,108,39,69
침/VV,1,1,0
실/VA,18,8,10
데이터베이스/NNG,13,9,4
쥔/VV,5,3,2
먹/VV,26,13,13
움직임/VV,8,4,4
괴소문/NNG,1,1,0
될까/VV,15,8,7
퇴사/NNG,7,6,1
양심/NNG,5,3,2
고백/NNG,2,2,0
다닌다는/VV,1,1,0
특정인/NNG,3,2,1
조작/NNG,63,30,33
변경/NNG,54,26,28
이동/NNG,62,38,24
장치/NNG,20,9,11
입력/NNG,29,17,12
취득/NNG,44,34,10
실거래/NNG,3,3,0
이루어져야/VV,1,1,0
일으켜/VV,3,3,0
업무/NNG,127,64,63
사무/NNG,1,1,0
그르치/VV,1,1,0
사전/NNG,49,26,23
위작/NNG,1,1,0
변작/NNG,1,1,0
감옥/NNG,4,3,1
갑니다/VV,4,4,0
입/VV,51,33,18
특경/NNG,5,5,0
오래/MAG,39,20,19
인기투표/NNG,1,1,0
형식/NNG,16,7,9
이벤트/NNG,22,9,13
개최/NNG,57,34,23
사활/NNG,1,1,0
순위/NNG,27,15,12
의사/NNG,19,7,12
소위/NNG,9,5,4
타인/NNG,12,6,6
호법/NNG,15,10,5
아실/VV,1,1,0
영리/NNG,8,5,3
벌기/NNG,1,1,0
느껴/VV,3,3,0
경각심/NNG,1,1,0
히/MAG,14,10,4
들여다/VV,6,3,3
바쁘/VA,5,4,1
킹/MAG,31,21,10
안정화/NNG,20,15,5
관련자/NNG,1,1,0
번/VV,12,8,4
액셀러레이터/NNG,5,3,2
업체/NNG,476,271,205
커미션/NNG,1,1,0
선택/NNG,69,39,30
결코/MAG,14,7,7
떳떳/NNG,2,1,1
부르/VV,14,6,8
정범/NNG,1,1,0
방조범/NNG,1,1,0
복구/NNG,24,12,12
날렸/VV,5,3,2
몹시/MAG,1,1,0
시원/NNG,1,1,0
반복/NNG,24,11,13
불신/NNG,8,7,1
만연/NNG,3,1,2
성장동력/NNG,2,1,1
사라져/VV,8,7,1
올바르/VA,4,3,1
절실/NNG,2,2,0
유동성/NNG;위험/NNG,1,0,1
투자/NNG;회피/NNG,1,0,1
피해/NNG;우려/NNG,2,1,1
구조/NNG;깨/VV,1,0,1
얼룩진/VV,1,0,1
용어/NNG,28,20,8
합니다/VV,23,11,12
상당수/NNG,19,9,10
앤/NNG,46,23,23
덤프/NNG,3,1,2
뉘앙스/NNG,2,0,2
지니/NNG,20,11,9
증권시장/NNG,17,4,13
일단/MAG,33,16,17
차근차근/MAG,3,1,2
한국말/NNG,1,0,1
시장조성/NNG,4,3,1
판매자/NNG,11,1,10
구매자/NNG,17,6,11
만드/VV,60,30,30
시/VA,3,1,2
수량/NNG,26,17,9
결혼식/NNG,3,0,3
리/NNG,20,11,9
이웃집/NNG,1,0,1
일일이/MAG,7,3,4
돌아다니/VV,7,3,4
언/VV,68,34,34
불편/NNG,16,10,6
광장/NNG,6,3,3
잡/VV,79,54,25
파/VV,14,7,7
든지/VV,8,5,3
시장조성자/NNG,8,2,6
마켓메이커/NNG,24,13,11
부릅니다/VV,3,0,3
조금/MAG,27,17,10
유동성/NNG,144,60,84
항상/MAG,19,9,10
일치/NNG,23,12,11
중간/NNG,19,9,10
불균형/NNG,7,3,4
채워/VV,2,0,2
유동성공급자/NNG,6,2,4
복잡/NNG,47,21,26
염두/NNG,14,9,5
한결/MAG,2,1,1
차용/NNG,5,4,1
진짜/MAG,21,15,6
상장기업/NNG,14,6,8
고유동성/NNG,6,2,4
풍부/NNG,10,4,6
호가/NNG,27,3,24
두텁/VA,3,2,1
활발/NNG,31,19,12
증권/NNG,221,120,101
그만큼/MAG,34,21,13
시한/NNG,10,4,6
촘촘/NNG,1,0,1
반/NNG,60,37,23
종목/NNG,31,10,21
부진/NNG,4,0,4
넓/VA,18,13,5
흔히/MAG,19,10,9
스프레드/NNG,5,0,5
얇/VA,1,0,1
덩달/VV,11,7,4
커집니다/VA,1,0,1
호가가/NNG,2,0,2
기다리/VV,28,19,9
모릅니다/VV,1,0,1
불안정/NNG,8,5,3
회피/NNG,24,12,12
유가증권/NNG,10,2,8
코스닥/NNG,11,1,10
자격/NNG,28,15,13
범위/NNG,69,34,35
유가/NNG,23,19,4
축소/NNG,34,20,14
양방향/NNG,3,0,3
매매차익/NNG,9,2,7
한다는/VV,14,11,3
부여받/VV,2,1,1
자본시장법/NNG,22,13,9
명시/NNG,27,18,9
악순환/NNG,2,0,2
안정/NNG,49,29,20
가가/NNG,19,5,14
상장사/NNG,16,6,10
지정/NNG,74,31,43
상장폐지/NNG,55,34,21
자전거래/NNG,29,3,26
유동/NNG,2,0,2
성공급/NNG,2,0,2
서서히/MAG,28,16,12
좁힌다는/VV,1,0,1
글로벌/NNG,316,185,131
표준/NNG,70,32,38
나스닥/NNG,51,24,27
오더/NNG,6,3,3
북/NNG,6,4,2
브로커딜러/NNG,3,2,1
수용/NNG,19,12,7
개/NNG,266,162,104
유리/NNG,25,13,12
사고팔/VV,10,5,5
지대/NNG,12,6,6
프리/NNG,16,9,7
철저/NNG,15,11,4
중개/NNG,49,25,24
선수/NNG,22,10,12
활약/NNG,1,0,1
뛰/VV,18,5,13
비트/NNG,695,423,272
나무/NNG,88,66,22
임직원/NNG,31,7,24
외하/VV,20,13,7
펴/VV,20,9,11
법인/NNG,76,53,23
가격대/NNG,8,4,4
허수/NNG,4,1,3
오픈/NNG,72,49,23
조원/NNG,28,7,21
취소/NNG,16,10,6
출하/NNG,28,16,12
상단/NNG,6,3,3
하단/NNG,6,3,3
직접/NNG,31,16,15
중개자/NNG,18,5,13
담당/NNG,67,34,33
정해지/VV,22,15,7
왜곡/NNG,8,4,4
반면/NNG,110,65,45
명목/NNG,9,2,7
부풀리/VV,9,7,2
심판/NNG,3,2,1
박사/NNG,49,36,13
재미/NNG,15,12,3
협회/NNG,106,58,48
아톰/NNG,18,13,5
파트너/NNG,72,47,25
쌍방/NNG,2,0,2
빨리/MAG,28,12,16
선점/NNG,17,4,13
부담/NNG,48,23,25
없다/VA,38,23,15
조정/NNG,64,34,30
딜러/NNG,2,0,2
우월/NNG,4,3,1
상충/NNG,4,3,1
매칭/NNG,7,4,3
발행사/NNG,45,32,13
파트/NNG,40,16,24
너스/NNG,46,19,27
장외거래/NNG,28,14,14
헤드/NNG,4,3,1
공급업체/NNG,4,2,2
반영/NNG,57,36,21
갈립니다/VV,1,0,1
실망/NNG,8,6,2
목소리/NNG,31,18,13
전통/NNG,43,23,20
잣대/NNG,2,0,2
대/VV,16,10,6
과도/NNG,20,11,9
장도/NNG,5,4,1
나옵니다/VV,4,3,1
책/NNG,34,16,18
넥스트/NNG,3,2,1
머니/NNG,30,23,7
쓴/VV,13,9,4
영리기업/NNG,2,0,2
활성화/NNG,65,30,35
방치/NNG,8,5,3
금융상품/NNG,26,15,11
범법/NNG,2,1,1
바라/VV,44,25,19
상대방/NNG,18,8,10
실재/NNG,2,1,1
우려/NNG,171,85,86
금지/NNG,177,118,59
호위/NNG,4,3,1
컨센서스/NNG,21,5,16
선착순/NNG,2,0,2
분/NNG,8,4,4
스타/NNG,51,7,44
무료/NNG,30,17,13
기프티콘/NNG,3,0,3
추첨/NNG,4,3,1
당첨/NNG,2,0,2
드립니다/VV,6,3,3
응원/NNG,2,1,1
메시지/NNG,64,28,36
중복/NNG,6,3,3
응모/NNG,3,1,2
어/VV,9,4,5
당첨자/NNG,7,2,5
연락/NNG,26,16,10
진/VV,6,1,5
축하/NNG,4,3,1
증권거래위원회/NNG,82,55,27
커뮤니케이션/NNG,13,9,4
파리/VV,2,1,1
테/NNG,47,34,13
안비/NNG,1,1,0
빗/VV,12,7,5
었/VV,12,10,2
승인/NNG,128,84,44
신청서/NNG,43,21,22
출한/NNG,29,20,9
알려졌/VV,47,35,12
바르/VA,5,2,3
일환/NNG,19,11,8
지역특화발전특구/NNG,2,0,2
시행/NNG,141,81,60
지자체/NNG,18,3,15
민간기업/NNG,21,9,12
신사업/NNG,8,0,8
기획/NNG,27,11,16
도지사/NNG,4,0,4
광역/NNG,5,0,5
신속/NNG,19,8,11
실증/NNG,27,6,21
특례/NNG,23,5,18
임시/NNG,15,10,5
샌드/NNG,6,4,2
박스/NNG,45,39,6
중소벤처기업부/NNG,17,5,12
중앙행정/NNG,1,0,1
기관장/NNG,1,0,1
새로/MAG,52,24,28
들어와서/VV,1,0,1
관건/NNG,7,3,4
심의/NNG,12,8,4
지역/NNG,237,115,122
정해져/VV,13,5,8
지자/NNG,1,0,1
체장/NNG,2,0,2
고지/NNG,18,8,10
최종/NNG,61,31,30
작정/NNG,2,1,1
과연/MAG,20,6,14
혁신성장/NNG,4,1,3
부디/MAG,2,0,2
발판/NNG,8,3,5
게시물/NNG,10,7,3
국회의원/NNG,20,13,7
후원금/NNG,12,7,5
정치자금/NNG,10,10,0
후원회/NNG,12,12,0
법상/NNG,16,11,5
견해/NNG,23,15,8
다투/VV,7,5,2
한도/NNG,30,19,11
준/VV,29,12,17
항/NNG,5,4,1
선거/NNG,16,7,9
경선/NNG,5,2,3
자/NNG,47,16,31
일자/NNG,9,5,4
갑/NNG,3,2,1
시/VV,2,1,1
기부금/NNG,15,9,6
액/NNG,34,16,18
규칙/NNG,82,46,36
부동산/NNG,79,45,34
공시/NNG,79,19,60
감정평가/NNG,1,1,0
감정평가업자/NNG,1,1,0
공인/NNG,19,7,12
감정서/NNG,1,1,0
추후/NNG,20,14,6
재평가/NNG,4,1,3
스테이/NNG,334,228,106
블/NNG,395,267,128
송금/NNG,119,73,46
외국환거래법/NNG,15,4,11
리브/NNG,72,20,52
알려져/VV,21,13,8
대외/NNG,6,2,4
배분/NNG,31,18,13
급진/NNG,8,3,5
외로/VA,1,0,1
반출/NNG,1,0,1
기도/NNG,6,4,2
불필/NNG,11,5,6
시청/NNG,10,5,5
드물/VA,8,6,2
상계/NNG,2,0,2
외국환/NNG,3,1,2
거래자/NNG,41,30,11
체가/NNG,12,6,6
채권/NNG,74,50,24
무가/NNG,1,0,1
국경/NNG,13,7,6
양측/NNG,9,7,2
신고가/NNG,18,10,8
거래대금/NNG,16,4,12
집중형/NNG,10,4,6
방대/NNG,10,5,5
엄격/NNG,25,16,9
따라잡/VV,4,2,2
걸림돌/NNG,15,3,12
르네상스/NNG,2,1,1
지법/NNG,7,2,5
판사/NNG,22,16,6
크/MAG,82,45,37
립/NNG,152,86,66
상담소/NNG,2,0,2
적격/NNG,10,1,9
사모/NNG,10,5,5
재판매/NNG,7,2,5
공모발행/NNG,1,0,1
유형/NNG,21,11,10
외국인/NNG,18,10,8
레귤레이션/NNG,6,0,6
발행주체/NNG,15,8,7
발행인/NNG,4,1,3
상대/NNG,36,15,21
비적격/NNG,1,0,1
기혼자/NNG,2,0,2
부부/NNG,4,1,3
지를/VV,2,0,2
순자산/NNG,16,2,14
별다른/VA,19,12,7
미국인/NNG,13,8,5
국적/NNG,6,3,3
자만/NNG,1,0,1
특별/NNG,38,17,21
뒤집/VV,4,2,2
도래/NNG,5,0,5
유의/NNG,15,9,6
유념/NNG,3,2,1
가격/NNG;증가/NNG,2,1,1
가격/NNG;급등/NNG,34,18,16
가격/NNG;높/VA,5,2,3
혹시/MAG,8,2,6
헌법/NNG,7,1,6
율/NNG,16,3,13
사업소득/NNG,7,1,6
근로/NNG,4,1,3
이자소득/NNG,1,0,1
배당소득/NNG,1,0,1
양도소득/NNG,41,25,16
차익/NNG,31,15,16
유기/NNG,4,1,3
양도/NNG,29,10,19
회원권/NNG,3,1,2
실정/NNG,6,3,3
징수/NNG,10,6,4
대상자산/NNG,2,1,1
선례/NNG,6,3,3
소급/NNG,9,0,9
한동안/NNG,7,3,4
체계/NNG,94,48,46
통/NNG,48,27,21
능력/NNG,37,22,15
엄격히/MAG,7,3,4
재테크/NNG,6,2,4
완비/NNG,3,0,3
사모펀드/NNG,9,6,3
인베스트먼트/NNG,27,20,7
그룹/NNG,151,107,44
마운트/NNG,16,16,0
청구권/NNG,5,5,0
산다고/VV,1,1,0
채권단/NNG,8,8,0
공개서한/NNG,8,4,4
운영팀/NNG,1,1,0
파산/NNG,24,13,11
잃어버린/VV,6,3,3
당해/VV,4,4,0
분실/NNG,27,22,5
도쿄/NNG,5,3,2
지방/NNG,63,45,18
민사회/NNG,1,1,0
편지/NNG,17,10,7
사본/NNG,6,4,2
입수/NNG,20,12,8
사들이/VV,13,7,6
단과/NNG,2,2,0
양쪽/NNG,4,3,1
만족/NNG,18,8,10
기사/NNG,137,71,66
구한/VV,12,5,7
번호/NNG,36,18,18
유한/VA,36,24,12
정확/MAG,26,15,11
쓰여/VV,4,3,1
귀띔/NNG,2,2,0
변호/NNG,4,2,2
팩/NNG,7,5,2
이름/NNG,108,74,34
청했/VV,20,17,3
일찌감치/MAG,6,2,4
들인/VV,1,1,0
착수/NNG,24,20,4
자사/NNG,91,62,29
이력/NNG,25,10,15
샀/VV,23,13,10
지낸/VV,9,6,3
달라지/VV,16,11,5
널리/MAG,83,42,41
굴/VV,36,21,15
자원/NNG,25,13,12
사용료/NNG,4,1,3
대규모/NNG,77,48,29
공장/NNG,11,5,6
시설/NNG,25,11,14
전적/NNG,5,4,1
영역/NNG,63,38,25
한하/VV,22,11,11
어민/NNG,49,34,15
개정안/NNG,85,40,45
가상/NNG,748,402,346
하위/NNG,9,6,3
대통령령/NNG,1,0,1
지/VV,31,18,13
아이템/NNG,16,4,12
고부가/NNG,1,0,1
개편/NNG,4,2,2
양상/NNG,25,14,11
펼쳐질/VV,4,1,3
난이도/NNG,20,11,9
부품/NNG,17,0,17
수익성/NNG,8,5,3
판/VV,8,1,7
단해/NNG,1,0,1
온전히/MAG,1,0,1
기울여야/VV,4,1,3
어쩌면/MAG,14,6,8
혁신/NNG,164,84,80
덮/VV,3,1,2
너무/MAG,84,48,36
이르/VA,8,4,4
감/NNG,6,1,5
라가/NNG,8,1,7
공화/NNG,3,0,3
펜/NNG,4,1,3
콜로/NNG,3,1,2
설득/NNG,14,9,5
히/NNG,18,9,9
움직여야/VV,1,0,1
맞춤/NNG,7,4,3
걸릴지/VV,2,0,2
대선/NNG,15,2,13
해다/NNG,1,0,1
좌우/NNG,9,7,2
정치인/NNG,11,5,6
모드/NNG,6,5,1
돌입/NNG,12,4,8
밀리/VV,18,10,8
연방/NNG,93,58,35
벌금/NNG,25,15,10
열어/NNG,1,0,1
집/NNG,59,27,32
추궁/NNG,1,0,1
연합/NNG,26,14,12
대대/NNG,20,8,12
조사/NNG,129,88,41
더욱더/MAG,7,4,3
험난/NNG,1,0,1
원/NNG,185,108,77
시켜/VV,6,4,2
양/NNG,33,18,15
당사자/NNG,18,10,8
이루어진다는/VV,1,0,1
거래법/NNG,6,5,1
알선/NNG,8,2,6
탁/MAG,155,72,83
방지/NNG,177,81,96
신원/NNG,173,62,111
자금이동/NNG,30,16,14
확립/NNG,8,2,6
돼서/VV,6,3,3
인위적/VAX,7,1,6
실시간/NNG,44,23,21
전부/MAG,25,17,8
느리/VA,12,7,5
단점/NNG,10,4,6
부각/NNG,7,2,5
흥미/NNG,31,19,12
핵무기/NNG,4,0,4
적발/NNG,24,17,7
과학자/NNG,9,4,5
슈퍼컴퓨터/NNG,3,1,2
벌금형/NNG,4,2,2
선고/NNG,16,6,10
기밀/NNG,3,2,1
성능/NNG,16,11,5
뛰어나/VA,12,5,7
베이/NNG,7,4,3
곧장/MAG,4,0,4
안국/NNG,1,0,1
넘겨졌/VV,3,2,1
집약/NNG,3,1,2
호한/NNG,2,0,2
초당/NNG,7,5,2
해시/NNG,120,88,32
측정/NNG,32,11,21
숨기/VV,10,9,1
작/NNG,19,13,6
플/NNG,16,8,8
건수/NNG,25,12,13
변환/NNG,7,4,3
액수/NNG,14,7,7
변호인/NNG,2,1,1
로프/NNG,6,5,1
붙잡히/VV,1,0,1
상당량/NNG,8,6,2
넣/VV,65,34,31
체포/NNG,12,8,4
정가/NNG,3,2,1
즉각/MAG,16,9,7
향한/VV,15,8,7
유출/NNG,45,30,15
스캔들/NNG,4,2,2
온상/NNG,2,0,2
곱/VA,2,1,1
지도자/NNG,7,6,1
합류/NNG,37,27,10
정식/NNG,36,18,18
불확실/NNG,12,7,5
확고/NNG,4,0,4
지키/VV,28,13,15
말끔히/MAG,1,0,1
해소/NNG,26,14,12
최선/NNG,18,10,8
물론/NNG,6,5,1
성심성의껏/MAG,2,1,1
성실히/MAG,1,0,1
금융시스템/NNG,56,35,21
받아들이/VV,28,14,14
전례/NNG,17,8,9
금융자산/NNG,32,13,19
기법/NNG,6,4,2
섣불/MAG,8,3,5
개략/NNG,1,0,1
과언/NNG,3,1,2
트윗/NNG,39,23,16
엿볼/VV,4,1,3
고조/NNG,9,5,4
투기/NNG;과열/NNG,1,1,0
과열/NNG;우려/NNG,1,1,0
기초자산/NNG,7,6,1
선물옵션/NNG,5,3,2
스왑/NNG,137,89,48
직관/NNG,2,2,0
선물/NNG,80,58,22
미리/MAG,35,20,15
선물거래/NNG,21,15,6
릴/NNG,15,5,10
싸/VV,3,2,1
금융투자상품/NNG,4,2,2
농축수산물/NNG,1,1,0
물품/NNG,14,8,6
원료/NNG,4,1,3
조한/NNG,1,1,0
신용위험/NNG,2,2,0
지표/NNG,100,54,46
산출/NNG,4,2,2
유권/NNG,1,1,0
라이선스/NNG,46,37,9
향방/NNG,2,2,0
마진거래/NNG,15,4,11
도박/NNG,25,11,14
개장/NNG,6,5,1
죄/NNG,7,4,3
입건/NNG,4,4,0
우연/NNG,5,3,2
승패/NNG,1,1,0
도박장/NNG,4,2,2
처분/NNG,16,7,9
려지/NNG,5,3,2
조심/NNG,12,6,6
개시/NNG,10,6,4
형법/NNG,2,1,1
본다면/VV,6,3,3
도박죄/NNG,2,2,0
무법/NNG,3,2,1
마무리/NNG,19,11,8
자연환경/NNG,1,0,1
훼손/NNG,13,5,8
건설/NNG,10,6,4
친화/NNG,12,4,8
빗물/NNG,1,0,1
공법/NNG,1,0,1
맥신/NNG,2,1,1
겨냥/NNG,11,6,5
초안/NNG,11,4,7
소속/NNG,34,21,13
현지/NNG,101,68,33
끝/NNG,60,39,21
미덥/VA,1,0,1
수도/NNG,9,6,3
만났/VV,10,5,5
나눴/VV,7,4,3
팽배/NNG,3,2,1
곤란/NNG,3,1,2
난처/NNG,2,1,1
티/NNG,77,34,43
카/NNG,24,14,10
지켰/VV,3,1,2
대체로/MAG,19,6,13
태도/NNG,23,13,10
곁들여/VV,1,0,1
에둘러/VV,1,0,1
드디어/MAG,13,6,7
우군/NNG,1,0,1
지역구/NNG,1,0,1
수탁회사/NNG,1,0,1
부탁/NNG,8,3,5
거칠/VV,5,3,2
치르/VV,10,5,5
갖춰/VV,10,6,4
시골/NNG,3,0,3
마을/NNG,5,1,4
편입/NNG,30,19,11
회원사/NNG,18,9,9
소액/NNG,21,10,11
최고전략책임자/NNG,6,3,3
원대/NNG,2,0,2
구조적/VAX,9,4,5
지갑/NNG,405,262,143
급하/VA,5,2,3
신분증/NNG,11,7,4
흔하/VA,10,7,3
식별/NNG,24,10,14
선진국/NNG,14,7,7
그러/VA,9,6,3
거친다/VV,2,1,1
난민/NNG,1,0,1
수용소/NNG,1,0,1
미만/NNG,13,5,8
정책/NNG,184,99,85
책임자/NNG,75,39,36
파르테/NNG,8,0,8
해답/NNG,7,3,4
사다리/NNG,1,0,1
든/VV,29,20,9
원활히/MAG,1,0,1
위조/NNG,7,3,4
탑재/NNG,19,9,10
고하/VV,18,12,6
엠/NNG,12,8,4
디지털네이티브/NNG,1,0,1
포용/NNG,17,7,10
유의미한/VAX,16,8,8
미치/VV,99,53,46
입안자/NNG,7,1,6
가져오/VV,14,6,8
잊/VV,13,5,8
엄밀히/MAG,7,2,5
탁방/NNG,61,32,29
테러/NNG,39,23,16
조달/NNG,63,34,29
모범/NNG,5,1,4
따라야/VV,3,2,1
지기/VV,33,20,13
이론/NNG,42,24,18
선상/NNG,3,2,1
의향/NNG,4,2,2
공자/NNG,13,11,2
톰/NNG,5,1,4
네일/NNG,4,0,4
란/NNG,20,11,9
맥락/NNG,15,10,5
별/NNG,4,0,4
지침/NNG,51,24,27
예시/NNG,5,4,1
매달/MAG,17,11,6
저축액/NNG,1,0,1
굳이/MAG,13,10,3
여권/NNG,10,4,6
대조/NNG,8,4,4
행정/NNG,17,8,9
어른/NNG,1,0,1
상시/NNG,4,3,1
프로토콜/NNG,183,106,77
각자/NNG,5,4,1
프로필/NNG,16,7,9
충분히/MAG,26,14,12
체이/NNG,43,18,25
엘/NNG,26,17,9
펌/NNG,10,5,5
포렌식/NNG,3,2,1
구할/VV,16,11,5
연루/NNG,20,13,7
예방/NNG,26,13,13
틱/NNG,2,1,1
역과/NNG,4,2,2
포인트/NNG,119,41,78
프로파일링/NNG,1,0,1
낫/VA,12,7,5
짧/VA,45,35,10
거창/NNG,2,1,1
구절/NNG,1,0,1
휴대/NNG,4,3,1
택할지/VV,2,1,1
늘/MAG,32,24,8
악마/NNG,2,1,1
디테일/NNG,2,1,1
던/VV,6,4,2
살림/NNG,3,1,2
칸/NNG,5,1,4
물리/NNG,26,16,10
다리/NNG,8,5,3
라만/NNG,2,1,1
근본적/VAX,24,10,14
드/NNG,37,15,22
계층/NNG,7,3,4
손실/NNG;우려/NNG,1,1,0
우려/NNG;높/VA,3,1,2
거절/NNG,18,14,4
못/MAG,64,41,23
뚝심/NNG,1,1,0
개괄/NNG,1,1,0
경고/NNG,64,38,26
미흡/NNG,6,4,2
다스/NNG,19,8,11
캠/NNG,13,6,7
부실/NNG,11,10,1
도와/NNG,2,2,0
크라우드펀딩/NNG,14,7,7
대안투자/NNG,1,1,0
중개업자/NNG,2,1,1
이슈/NNG,29,12,17
도화/NNG,18,14,4
선택지/NNG,12,7,5
규준/NNG,1,1,0
수립/NNG,16,10,6
설명서/NNG,11,8,3
원용/NNG,1,1,0
방/NNG,72,49,23
일시적/VAX,33,17,16
채택/NNG,67,46,21
달/VV,12,7,5
떳떳이/MAG,1,1,0
업자/NNG,32,13,19
들어오/VV,13,7,6
선택권/NNG,4,3,1
종사/NNG,3,3,0
호장/NNG,6,5,1
강하/VV,7,6,1
법인체/NNG,1,1,0
공문서/NNG,1,1,0
모집/NNG,31,20,11
모니터링/NNG,21,15,6
부여/NNG,49,31,18
청약/NNG,4,3,1
마감일/NNG,4,2,2
중대/NNG,12,6,6
통지/NNG,7,6,1
수탁/NNG,92,55,37
법정통화/NNG,33,26,7
매개/NNG,9,4,5
접수/NNG,31,20,11
포트폴리오/NNG,26,17,9
자문/NNG,21,9,12
총액인수/NNG,1,1,0
선하/VV,1,1,0
전문투자자/NNG,7,4,3
전용/NNG,18,9,9
준수/NNG,55,24,31
투자심리/NNG;위축/NNG,1,1,0
높/VA;고평가/NNG,1,1,0
투자/NNG;미루/VV,1,1,0
공급/NNG;줄/VV,7,3,4
가격/NNG;살/VV,1,1,0
바이/NNG,117,74,43
투자회사/NNG,20,11,9
아문/VV,2,1,1
아문/NNG,9,8,1
etf/NNG,31,21,10
총괄/NNG,54,31,23
로랑/NNG,2,1,1
크시/NNG,3,1,2
스/VV,68,33,35
런던/NNG,28,20,8
순회/NNG,1,1,0
설명회/NNG,13,10,3
여/NNG,29,15,14
입장권/NNG,1,1,0
팔렸/VV,10,7,3
잠재/NNG,44,30,14
다변화/NNG,2,1,1
헤지펀드/NNG,37,24,13
패밀리오피스/NNG,2,2,0
빗발쳐/VV,1,1,0
점심/NNG,6,3,3
곧바로/MAG,22,9,13
큰손/NNG,12,10,2
들이/VV,4,4,0
만든/VV,90,53,37
투자자산/NNG,15,7,8
묶음/NNG,2,2,0
정기/NNG,14,7,7
론치/NNG,1,1,0
패드/NNG,16,5,11
일찍/MAG,8,6,2
할인/NNG,39,8,31
진다/VV,2,2,0
최고가/NNG,60,37,23
중반/NNG,8,7,1
시장점유율/NNG,13,12,1
획득/NNG,37,16,21
펴낸/VV,5,3,2
고평가/NNG,23,13,10
레이스/NNG,5,3,2
케일/NNG,2,1,1
급격/MAG,33,15,18
물색/NNG,3,2,1
가설/NNG,2,2,0
흐르/VV,17,10,7
들어간/VV,8,3,5
가진다는/VV,1,1,0
어불성설/NNG,4,2,2
이코노믹스/NNG,2,2,0
일축/NNG,9,2,7
감수/NNG,16,9,7
옮기/VV,41,24,17
모자랐/VV,2,2,0
꺼렸/VV,1,1,0
택할/VV,3,1,2
브로커리지/NNG,4,1,3
문의/NNG,9,5,4
양날/NNG,1,1,0
검/NNG,4,3,1
상하이/NNG,9,7,2
사무실/NNG,27,16,11
경찰/NNG,34,29,5
급습/NNG,1,1,0
무관/NNG,17,15,2
소식/NNG,116,84,32
위축/NNG,11,8,3
미루/VV,15,7,8
과실/NNG,4,4,0
엄연히/MAG,5,3,2
잇달/VV,7,4,3
바란다고/VV,4,2,2
새창/NNG,5,3,2
기구/NNG,42,21,21
노동자/NNG,13,3,10
착취/NNG,30,11,19
인권/NNG,5,2,3
채용/NNG,27,14,13
파견/NNG,8,3,5
사업장/NNG,1,0,1
취지/NNG,28,13,15
실용/NNG,8,5,3
거듭나/VV,6,4,2
편/NNG,9,6,3
기쁘/VA,10,3,7
설문조사/NNG,16,4,12
경험/NNG,100,50,50
퍼져/VV,6,2,4
관행/NNG,10,3,7
철폐/NNG,2,0,2
취약/NNG,33,25,8
마크/NNG,19,13,6
개발기금/NNG,1,0,1
개발계획/NNG,2,1,1
계식/NNG,2,1,1
량/NNG,35,17,18
식량/NNG,1,0,1
가격/NNG;오르/VV;아니/VCN,1,1,0
발행/NNG;쉽/VA;않/VX,1,1,0
투자/NNG;성공/NNG,3,2,1
현금/NNG;안정/NNG,1,1,0
유동성/NNG;낮/VA,3,2,1
장기물/NNG;늘/VV,1,1,0
성공/NNG;않/VX,1,1,0
돈/NNG;많/VA,3,2,1
오라/NNG,1,1,0
소래/NNG,1,1,0
저명/NNG,3,3,0
강연/NNG,6,2,4
저술/NNG,3,3,0
대중화/NNG,20,14,6
적잖이/MAG,1,1,0
공헌/NNG,4,3,1
굴리/VV,2,2,0
밝힐/VV,8,4,4
성공/NNG,100,61,39
인물/NNG,36,20,16
꼬리표/NNG,1,1,0
따라붙/VV,2,2,0
고래/NNG,53,37,16
대학/NNG,30,18,12
조선족/NNG,4,4,0
학생/NNG,5,4,1
장학금/NNG,9,1,8
유학/NNG,2,1,1
만남/NNG,6,4,2
싣/VV,5,1,4
고래/MAG,5,5,0
변신/NNG,4,3,1
편집/NNG,12,10,2
상편/NNG,1,1,0
동북/NNG,1,1,0
회계학/NNG,1,1,0
거시/NNG,10,4,6
전공/NNG,7,6,1
신/NNG,8,6,2
억대/NNG,1,1,0
연봉/NNG,2,1,1
집게/NNG,1,1,0
토플/NNG,1,1,0
강사/NNG,1,1,0
사들였/VV,7,4,3
좀처럼/MAG,4,4,0
배인/VV,1,1,0
투자대상/NNG,12,10,2
고유자산/NNG,2,2,0
순식간/NNG,8,5,3
가량/NNG,68,41,27
콜드/NNG,21,15,6
믹스/NNG,30,20,10
워크/NNG,8,7,1
다용/NNG,1,1,0
오스만/NNG,1,1,0
진정/NNG,21,17,4
적합/NNG,40,27,13
환영/NNG,14,7,7
느려서/VA,2,2,0
비켜간/VV,1,1,0
창업/NNG,25,19,6
빅/NNG,9,2,7
전신/NNG,4,3,1
취해/VV,3,1,2
비효율/NNG,7,3,4
위임/NNG,8,6,2
창시자/NNG,12,6,6
회계/NNG,10,5,5
배웠/VV,3,3,0
영어/NNG,13,12,1
가르칠/VV,2,2,0
접한/VV,3,3,0
혼자/MAG,6,4,2
끊임없/VA,2,2,0
경쟁력/NNG,14,11,3
배울/VV,5,5,0
땐/NNG,10,8,2
두문불출/NNG,1,1,0
잔다/VV,1,1,0
그랬/VV,8,5,3
벌어지/VV,28,14,14
모른다/VV,32,15,17
반응/NNG,36,18,18
몰랐/VV,9,6,3
가족/NNG,19,15,4
그냥/MAG,15,7,8
아침/NNG,82,29,53
참/VV,9,4,5
웃음/NNG,2,2,0
아예/MAG,17,11,6
라오/NNG,1,1,0
본명/NNG,3,2,1
줘/VV,2,1,1
얹/VV,3,1,2
본질/NNG,20,12,8
함부로/MAG,5,5,0
식/VV,16,11,5
열거/NNG,3,3,0
다분히/MAG,4,3,1
들어서/VV,10,9,1
명칭/NNG,13,10,3
비율/NNG,57,32,25
묶/VV,6,3,3
다/VV,28,20,8
지수/NNG,84,33,51
맡겨/VV,11,6,5
완전/NNG,17,7,10
수식어/NNG,2,1,1
붙인다/VV,3,3,0
의복/NNG,2,1,1
귀작/NNG,1,1,0
부추/NNG,17,17,0
절/NNG,3,3,0
유래/NNG,2,1,1
녹음/NNG,8,8,0
게이트/NNG,8,8,0
녹음물/NNG,1,1,0
베다/NNG,1,1,0
원성/NNG,2,1,1
자자/NNG,1,1,0
비하/NNG,2,1,1
춥/VA,1,1,0
덥/VA,1,1,0
적응력/NNG,2,2,0
재배/NNG,1,1,0
쉬우며/VA,3,3,0
수확/NNG,3,2,1
농부/NNG,4,4,0
길러/VV,1,1,0
감동/NNG,2,2,0
낫/NNG,3,2,1
갈/VV,23,13,10
베어/NNG,4,3,1
놀려도/VV,1,1,0
잘려나간/VV,1,1,0
먹히/VV,3,3,0
어차피/MAG,12,7,5
자란다/VV,1,1,0
증시/NNG,47,29,18
일군/NNG,2,2,0
물러나/VV,5,4,1
밀려드/VV,1,1,0
계로/NNG,10,5,5
배신감/NNG,1,1,0
토로/NNG,5,3,2
황급히/MAG,2,2,0
해명/NNG,9,8,1
평생/NNG,3,2,1
써/VV,20,15,5
책임지/VV,5,3,2
억울/NNG,2,2,0
호소/NNG,8,3,5
수양/NNG,2,2,0
추절/NNG,1,1,0
명명/NNG,5,5,0
참가/NNG,26,16,10
강의/NNG,2,2,0
벌어진/VV,12,7,5
찾아왔/VV,7,6,1
성격/NNG,32,24,8
원체/MAG,1,1,0
대단/NNG,7,7,0
만난다/VV,1,1,0
공손/NNG,2,2,0
맞이/NNG,12,6,6
충실/NNG,1,1,0
저속/NNG,1,1,0
썼/VV,28,21,7
대화/NNG,28,17,11
파일/NNG,40,22,18
하락장/NNG,17,6,11
시절/NNG,6,5,1
적대시/NNG,1,1,0
저마다/MAG,6,3,3
써서/VV,2,1,1
모함/NNG,2,2,0
틀린/VA,1,1,0
쑨/VV,11,10,1
트론/NNG,17,11,6
옳/VA,7,5,2
장기/NNG,133,76,57
인종/NNG,8,7,1
막론/NNG,3,3,0
애플/NNG,1,1,0
연구개발비/NNG,2,2,0
연구개발/NNG,16,10,6
줄곧/MAG,15,6,9
산다/VV,2,1,1
계란/NNG,1,1,0
노른자/NNG,1,1,0
흰자/NNG,1,1,0
병치레/NNG,1,1,0
부상/NNG,15,12,3
껍질/NNG,4,3,1
장사/NNG,5,5,0
병원비/NNG,1,1,0
써야/VV,9,4,5
배움/VV,2,2,0
마다/VV,2,2,0
베스트셀러/NNG,2,2,0
저자/NNG,18,7,11
반열/NNG,5,2,3
로만/NNG,3,2,1
평소/NNG,22,11,11
생활비/NNG,2,2,0
충당/NNG,10,4,6
지식/NNG,15,9,6
알리/VV,28,19,9
아쉽/VA,5,3,2
짓/NNG,1,1,0
벌지/NNG,2,1,1
잘못/NNG,5,3,2
합법/NNG,25,17,8
직장인/NNG,2,2,0
비밀/NNG,39,18,21
가르쳐야/VV,1,1,0
안타깝/VA,14,6,8
춤/NNG,8,5,3
추/VV,12,4,8
미술/NNG,11,8,3
상관/NNG,4,2,2
꼭/MAG,20,13,7
쪼그라들/VV,4,4,0
센트/NNG,7,6,1
금/VV,18,16,2
단기물/NNG,1,1,0
장기물/NNG,3,2,1
지구/NNG,10,8,2
서/VV,27,15,12
평평/NNG,1,1,0
구면/NNG,1,1,0
갈수록/MAG,14,8,6
체득/NNG,1,1,0
퍼트리/VV,1,1,0
인색/NNG,1,1,0
다룬/VV,8,6,2
적립식투자/NNG,2,2,0
바꾸/VV,25,18,7
다운/NNG,12,9,3
여파/NNG,20,11,9
가시/VV,3,3,0
화살/NNG,2,2,0
날린/VV,2,2,0
돌연/MAG,2,2,0
출금/NNG,101,55,46
반사이익/NNG,1,1,0
봐서/VV,2,2,0
뜬/VV,2,2,0
깎/VV,1,1,0
폄하/NNG,2,1,1
틀린/VV,4,2,2
호언장담/NNG,2,2,0
누리꾼/NNG,1,1,0
화법/NNG,1,1,0
곳곳/NNG,11,11,0
물음표/NNG,3,2,1
인생/NNG,6,3,3
삶/NNG,25,17,8
관두/VV,2,1,1
가르쳤/VV,1,1,0
톡/NNG,7,2,5
안기/VV,8,3,5
혼자/NNG,6,5,1
바/NNG,7,5,2
스스로/NNG,7,6,1
고집/NNG,2,2,0
채우/VV,6,4,2
용기/NNG,4,4,0
지도/NNG,10,7,3
외모/NNG,1,1,0
소감/NNG,3,3,0
석/NNG,8,5,3
인민/NNG,7,5,2
행의/NNG,1,1,0
걸리/VV,34,19,15
외환관리/NNG,1,1,0
응용/NNG,15,14,1
중시/NNG,6,5,1
각계/NNG,1,1,0
바깥/NNG,8,6,2
우호적/VAX,7,6,1
단지/MAG,12,5,7
금지령/NNG,9,8,1
조처/NNG,37,15,22
반정부/NNG,6,6,0
관용/NNG,1,1,0
언젠가/MAG,11,7,4
케이크/NNG,3,3,0
건드렸/VV,1,1,0
이해관계/NNG,9,7,2
상자/NNG,9,7,2
댔/VV,1,1,0
남다르/VA,2,1,1
민족/NNG,3,3,0
자란/VV,2,2,0
벗어나/VV,23,12,11
의자/NNG,7,6,1
친숙/NNG,6,4,2
지향/NNG,34,28,6
워낙/MAG,8,3,5
상대방/NNG;위험/NNG,2,2,0
중부/NNG,2,1,1
시카고상업거래소/NNG,12,10,2
거하/VV,3,1,2
청산/NNG,54,32,22
종합/NNG,44,27,17
선물계약/NNG,18,15,3
꾸준히/MAG,39,25,14
마침/MAG,5,3,2
옵션거래/NNG,2,1,1
침/NNG,3,2,1
달하/VV,84,53,31
샘/NNG,8,5,3
프라이드/NNG,8,6,2
경쟁사/NNG,7,5,2
인터/NNG,20,12,8
털/VV,5,2,3
체인지/NNG,14,5,9
며칠/NNG,27,19,8
현물인도/NNG,1,1,0
매번/MAG,3,3,0
역대/NNG,69,42,27
곤두박질쳤/VV,4,2,2
전략/NNG,132,74,58
매/VV,14,8,6
징/NNG,9,7,2
글루/NNG,8,8,0
미결/NNG,25,8,17
만기/NNG,47,27,20
포지션/NNG,24,11,13
뜻한다/VV,18,10,8
이행/NNG,23,17,6
손익/NNG,7,6,1
파니/MAG,1,1,0
기르/VV,2,1,1
고대/NNG,4,3,1
언저리/NNG,1,1,0
히스/NNG,1,1,0
버트/NNG,10,8,2
선물시장/NNG,11,8,3
발견/NNG,29,20,9
헤징/NNG,3,3,0
위험관리/NNG,11,6,5
워/NNG,18,10,8
점유율/NNG,10,7,3
트/VV,11,9,2
현물/NNG,55,30,25
분류/NNG,44,23,21
수장/NNG,5,2,3
임명/NNG,12,6,6
선호/NNG,29,18,11
칼럼/NNG,40,22,18
지금껏/MAG,4,3,1
조만간/MAG,21,13,8
협의/NNG,35,18,17
지켜봐/VV,5,3,2
정책/NNG;시장/NNG;불안/NNG,1,0,1
소득/NNG;오르/VV,1,0,1
투자/NNG;많/VA,1,0,1
위험/NNG;살/VV,1,0,1
비용/NNG;줄/VV,2,0,2
비용/NNG;늘/VV,2,0,2
장칼/NNG,11,1,10
소장/NNG,10,6,4
다니엘/NNG,3,0,3
핀/VV,27,20,7
찬성/NNG,6,5,1
fed/NNG,196,100,96
세/VA,18,8,10
추어/NNG,7,2,5
안서/NNG,16,11,5
학자/NNG,24,13,11
기술자/NNG,3,1,2
모아/VV,22,12,10
문자/NNG,19,12,7
매끄럽/VA,2,0,2
기고문/NNG,2,1,1
실리/VV,7,3,4
촉구/NNG,17,10,7
준비통화/NNG,10,4,6
현대/NNG,15,12,3
기술력/NNG,10,5,5
통화청/NNG,8,2,6
ecb/NNG,16,4,12
크로나/NNG,1,0,1
대변인/NNG,29,18,11
자본시장/NNG,15,8,7
고자/NNG,9,2,7
원탁회/NNG,1,0,1
토론회/NNG,21,9,12
재할/NNG,2,1,1
관심사/NNG,6,4,2
운다/VV,2,1,1
들/NNG,3,0,3
구와/NNG,1,0,1
건과/NNG,8,3,5
법규/NNG,7,4,3
조함/NNG,1,0,1
정작/NNG,5,1,4
이지/NNG,2,0,2
롬/NNG,23,16,7
적어도/MAG,21,11,10
프렌치/NNG,1,0,1
힐/NNG,1,0,1
들일/VV,1,0,1
통화정책/NNG,19,8,11
이점/NNG,14,7,7
프라이버시/NNG,76,51,25
위안/NNG,97,59,38
돌/VV,20,11,9
눈길/NNG,6,3,3
끈다/VV,2,1,1
패권/NNG,3,2,1
도전/NNG,18,8,10
밀어낼/VV,2,1,1
싱크탱크/NNG,7,2,5
전무/NNG,18,6,12
근본/NNG,2,0,2
위협/NNG,42,26,16
관료/NNG,4,2,2
우회/NNG,9,6,3
스위프트/NNG,8,3,5
낙후/NNG,2,1,1
걸치/VV,33,20,13
민간/NNG,103,54,49
공공/NNG,27,11,16
핀/NNG,10,4,6
꿈꾸/VV,7,2,5
틈새시장/NNG,1,0,1
기용/NNG,1,0,1
붙여/VV,3,2,1
코드/NNG,68,42,26
인정받/VV,19,11,8
대법원/NNG,21,14,7
무형재산/NNG,1,0,1
법령/NNG,24,15,9
모호/NNG,10,6,4
사업자금/NNG,4,2,2
모으/VV,39,24,15
불특정/NNG,2,1,1
원금/NNG,21,13,8
유사수신행위/NNG,3,1,2
괜찮/VA,17,13,4
전문기업/NNG,20,8,12
전기요금/NNG,8,6,2
수지/NNG,6,5,1
타산/NNG,1,0,1
계류/NNG,2,0,2
개정/NNG,107,56,51
지급수단/NNG,11,4,7
가로막/VV,9,2,7
상점/NNG,12,8,4
포스/NNG,8,5,3
편화/NNG,3,0,3
커서/NNG,5,2,3
원하/VV,19,11,8
꼽힌다/VV,11,8,3
국외/NNG,32,20,12
자녀/NNG,3,1,2
수일/NNG,1,0,1
비싸/VA,38,18,20
외화/NNG,7,4,3
상속/NNG,21,0,21
상속인/NNG,4,0,4
한겨레/NNG,34,16,18
전쟁/NNG,8,5,3
가명/NNG,7,2,5
실감/NNG,2,0,2
작진/NNG,4,3,1
걷/VV,11,4,7
후속/NNG,8,4,4
합친/VV,4,3,1
원천징수/NNG,6,2,4
신설/NNG,13,9,4
빗/NNG,257,144,113
썸/NNG,207,122,85
비거/NNG,3,1,2
과/VV,4,1,3
지급금액/NNG,2,0,2
매길/VV,4,3,1
이득/NNG,10,7,3
공해/NNG,13,5,8
회계기준/NNG,2,0,2
재고자산/NNG,1,0,1
무형자산/NNG,2,0,2
대여/NNG,16,5,11
납/NNG,28,20,8
실효/NNG,3,0,3
이율/NNG,28,25,3
정할지/VV,2,0,2
달리/VV,15,11,4
가령/MAG,9,5,4
직장/NNG,9,3,6
그해/NNG,4,2,2
분리과/NNG,3,2,1
취득가격/NNG,2,0,2
한별/NNG,1,0,1
권단/NNG,1,0,1
유력/NNG,7,3,4
번거/NNG,2,0,2
교체/NNG,9,5,4
권/NNG,7,2,5
편하/VA,4,2,2
거둬/VV,2,0,2
소득액/NNG,1,0,1
따져서/VV,1,0,1
미칠지/VV,7,4,3
촉각/NNG,1,0,1
곤두/MAG,1,0,1
우/VV,25,15,10
청한/VV,8,2,6
시사/NNG,24,14,10
만만찮/VA,1,0,1
준하/VV,4,3,1
거론/NNG,15,7,8
달려드/VV,1,0,1
집착/NNG,3,0,3
물량/NNG,39,16,23
위탁/NNG,10,5,5
반문/NNG,5,1,4
본래/NNG,7,4,3
거나/NNG,5,0,5
유예/NNG,42,17,25
최적/NNG,19,11,8
토론/NNG,31,16,15
부가가치/NNG,10,4,6
외/NNG,23,11,12
소비자/NNG;자신/NNG,1,1,0
가늠/NNG,7,4,3
수치/NNG,97,44,53
비하/VV,12,8,4
코너/NNG,4,4,0
거액/NNG,12,9,3
인포/NNG,3,1,2
차트/NNG,83,39,44
파이넥스/NNG,42,27,15
아무런/VA,3,3,0
들쭉날쭉/MAG,2,1,1
대변/NNG,4,4,0
널뛰/VV,1,1,0
안전자산/NNG,23,9,14
대명사/NNG,1,1,0
금시장/NNG,6,5,1
단기/NNG,83,45,38
아랑곳/NNG,1,1,0
우/MAG,3,2,1
브리지/NNG,6,2,4
워터/NNG,9,6,3
소시/NNG,4,3,1
레이/NNG,31,17,14
베스트/NNG,5,4,1
따져/VV,8,4,4
좌지우지/NNG,5,2,3
속단/NNG,2,1,1
유할/VV,5,3,2
개수/NNG,12,6,6
스퀘어/NNG,83,35,48
특허/NNG,37,21,16
특허청/NNG,6,6,0
매끄러운/VA,2,2,0
한쪽/NNG,3,1,2
시시각각/MAG,2,1,1
변할지/VV,1,1,0
무리/NNG,12,8,4
장벽/NNG,11,7,4
거할/VV,5,4,1
신분/NNG,7,4,3
전액/NNG,7,5,2
잭/NNG,26,16,10
운/NNG,21,20,1
원조/NNG,1,1,0
펼쳐왔/VV,1,1,0
대답/NNG,12,10,2
단체/NNG,31,19,12
상공회의소/NNG,9,7,2
구분/NNG,21,13,8
의견서/NNG,17,11,6
삼자/NNG,2,1,1
기록물/NNG,1,1,0
모은/VV,17,13,4
어길/VV,1,1,0
떠안/VV,3,2,1
그램/NNG,28,27,1
분명/NNG,3,3,0
일관/NNG,7,3,4
시들/VV,1,1,0
지부/NNG,4,3,1
장인/NNG,6,4,2
궤/NNG,7,6,1
오렌지/NNG,1,1,0
평범/NNG,4,4,0
금융기관/NNG,95,57,38
감리/NNG,1,1,0
자칫/MAG,10,5,5
떠나/VV,22,15,7
등록증권/NNG,7,6,1
암시/NNG,9,8,1
악화/NNG;불확실성/NNG,1,1,0
업로드/NNG,5,5,0
빈틈없/VA,2,1,1
의결/NNG,35,24,11
소유자/NNG,16,10,6
랩톱/NNG,2,2,0
출처/NNG,17,7,10
집계/NNG,28,19,9
다/VA,9,8,1
은/NNG,53,31,22
기술개발/NNG,19,9,10
간극/NNG,5,3,2
루트/NNG,37,31,6
소프트/NNG,20,17,3
베리/NNG,27,20,7
종료/NNG,84,51,33
공지/NNG,75,34,41
악화/NNG,16,11,5
불확실성/NNG,35,17,18
루나/NNG,18,18,0
베리/VV,1,1,0
로그인/NNG,13,4,9
람다/NNG,33,20,13
그라운드/NNG,51,38,13
침체국면/NNG,3,3,0
악영향/NNG,14,8,6
여명/NNG,10,7,3
인력/NNG,19,11,8
감축/NNG,2,2,0
무산/NNG,11,8,3
선후/NNG,1,1,0
프런트/NNG,6,6,0
바꿔서/VV,1,1,0
팔/NNG,7,3,4
알토/NNG,1,1,0
손자/NNG,3,3,0
이관/NNG,4,4,0
플러스/NNG,17,14,3
야후/NNG,8,6,2
닷컴/NNG,58,46,12
기금/NNG,17,11,6
일명/NNG,2,1,1
일부인/NNG,1,1,0
일단락/NNG,2,2,0
공식적/VAX,40,29,11
상의/NNG,4,4,0
일괄/NNG,2,1,1
덧붙여/VV,1,1,0
우지/NNG,5,3,2
양하/NNG,1,1,0
이포/NNG,1,1,0
로저/NNG,2,2,0
하드포크/NNG,38,19,19
분열/NNG,4,3,1
장과/NNG,3,2,1
아끼/VV,4,3,1
당부/NNG,31,18,13
경기/NNG;활성화/NNG,2,1,1
대출/NNG;성장/NNG,1,1,0
채산성/NNG;낮/VA,1,1,0
취약/NNG;않/VX,1,1,0
코로나/NNG,320,174,146
바이러스/NNG,41,22,19
굴기/NNG,85,66,19
배송/NNG,9,7,2
비상/NNG,4,3,1
걸렸/VV,11,9,2
소매/NNG,8,5,3
난/VV,11,6,5
확산/NNG,97,43,54
춘절/NNG,8,8,0
연장/NNG,28,23,5
당분간/MAG,21,13,8
지연/NNG,40,22,18
챗/NNG,19,15,4
휴무/NNG,2,2,0
발신/NNG,2,1,1
공지문/NNG,1,1,0
난도/NNG,2,2,0
확진/NNG,21,7,14
판정/NNG,2,1,1
사망자/NNG,7,5,2
우한/NNG,3,3,0
봉쇄/NNG,4,4,0
렉스/NNG,12,10,2
장액/NNG,1,1,0
최고액/NNG,3,3,0
외부/NNG,47,32,15
도난/NNG,22,17,5
사고/NNG,60,45,15
빌/VA,5,4,1
안심/NNG,10,8,2
우선시/NNG,3,3,0
특수/NNG,11,7,4
아치/NNG,3,2,1
신디케이트/NNG,1,1,0
증한/VA,1,1,0
조합/NNG,15,12,3
금고/NNG,10,10,0
침입/NNG,5,4,1
볼트/NNG,8,7,1
협상/NNG,25,5,20
위험분산/NNG,2,1,1
사라/NNG,2,1,1
우니/VV,1,1,0
사업영역/NNG,4,3,1
수탁업체/NNG,9,6,3
녹스/VV,1,1,0
로이즈/NNG,1,1,0
윙클/NNG,20,18,2
미니/NNG,24,18,6
베이스/NNG,251,138,113
핫/NNG,11,7,4
국조/NNG,6,2,4
나뉜다/VV,8,4,4
대학교/NNG,26,19,7
무학과/NNG,2,2,0
저항감/NNG,1,1,0
충적/NNG,1,1,0
타당/NNG,6,5,1
담청/NNG,1,1,0
일시/NNG,13,8,5
우발/NNG,1,1,0
재무회계/NNG,1,1,0
수입금액/NNG,1,1,0
차감/NNG,1,1,0
반해/VV,5,5,0
양도가액/NNG,4,3,1
취득가액/NNG,10,7,3
차액/NNG,1,1,0
연/NNG,24,12,12
법무/NNG,9,4,5
대학원/NNG,12,5,7
빼/VV,15,8,7
식과/NNG,14,5,9
비례율/NNG,2,2,0
적용률/NNG,1,1,0
국인/NNG,8,4,4
기재/NNG,7,4,3
부가/NNG,9,8,1
개편안/NNG,5,3,2
호황/NNG,6,5,1
체이스/NNG,12,8,4
금리/NNG,167,63,104
거두/VV,7,5,2
뚜렷/NNG,7,5,2
호황국면/NNG,2,1,1
누리/VV,19,6,13
성장률/NNG,19,15,4
그치/VV,18,14,4
정체/NNG,10,4,6
현금자산/NNG,2,2,0
빌리/VV,37,27,10
소규모/NNG,17,13,4
택/NNG,13,9,4
대출채권/NNG,1,1,0
애/NNG,33,22,11
증가율/NNG,6,4,2
역사/NNG,42,24,18
트레이더/NNG,35,26,9
줄/NNG,10,4,6
섰/VV,3,2,1
파이/VV,13,3,10
연/VV,17,10,7
모로/NNG,1,1,0
성숙도/NNG,6,4,2
뒤처져/VV,1,1,0
신흥시장/NNG,8,7,1
투자사/NNG,17,9,8
커런시/NNG,16,11,5
링크드/NNG,2,1,1
꼽/VV,40,26,14
공하/NNG,6,4,2
금융기업/NNG,21,15,6
디지털통화/NNG,15,11,4
사도/NNG,3,3,0
짓/VV,13,9,4
증축/NNG,1,1,0
대차대조표/NNG,9,7,2
구식/NNG,1,1,0
의존/NNG,27,14,13
채산성/NNG,3,3,0
피해/NNG;막/VV,4,2,2
체인저/NNG,3,1,2
아이오/NNG,8,7,1
앞두/VV,73,47,26
계기/NNG,38,19,19
자리매김/NNG,17,12,5
팬덤/NNG,3,1,2
혹한기/NNG,1,0,1
들이/NNG,1,0,1
합심/NNG,2,1,1
속국/NNG,10,6,4
펼치/VV,17,14,3
난항/NNG,2,1,1
자금난/NNG,2,1,1
타개책/NNG,1,0,1
코리아/NNG,89,53,36
투자설명회/NNG,3,1,2
줄줄이/MAG,5,1,4
연기/NNG,23,12,11
위크/NNG,8,0,8
부득이/MAG,4,1,3
위기/NNG,78,44,34
밀집/NNG,3,1,2
전파/NNG,6,1,5
잦아드/VV,1,0,1
확정/NNG,25,18,7
최사/NNG,1,0,1
창궐/NNG,1,0,1
전시/NNG,11,5,6
참여기업/NNG,8,1,7
연사/NNG,13,8,5
열린다/VV,12,5,7
최/NNG,44,23,21
로고/NNG,8,4,4
해시태그/NNG,8,2,6
이모티콘/NNG,10,2,8
상징/NNG,7,3,4
나타난다/VV,8,3,5
규약/NNG,2,0,2
유니코드/NNG,4,0,4
기호/NNG,4,0,4
권장/NNG,6,3,3
오직/MAG,6,4,2
흑백/NNG,1,0,1
상형/NNG,1,0,1
오렌지색/NNG,1,0,1
나타/NNG,1,0,1
입소문/NNG,3,1,2
차별화/NNG,7,1,6
달궜/VV,2,0,2
캠페인/NNG,9,7,2
끝/VV,42,20,22
사그라든/VV,1,0,1
열렬/NNG,3,2,1
겸하/VV,3,1,2
토/NNG,9,1,8
취당/NNG,4,3,1
해커/NNG,66,44,22
탈취/NNG,19,11,8
흘러나오/VV,1,0,1
매수설/NNG,1,0,1
거짓/NNG,6,2,4
인원/NNG,103,76,27
한탄/NNG,1,0,1
온/VV,69,35,34
오프/NNG,12,6,6
맡긴/VV,5,3,2
예컨대/MAG,15,8,7
일차/NNG,1,0,1
나눠/VV,31,19,12
돌아와/VV,4,1,3
옮겨졌/VV,1,0,1
동결/NNG,13,4,9
가려/VV,7,4,3
틈/NNG,2,0,2
해버릴/VV,1,0,1
일시적/VAX;중단/NNG,2,2,0
생산/NNG;차질/NNG,1,1,0
성장/NNG;회복/NNG,1,1,0
가동/NNG;중단/NNG,4,2,2
이모저모/NNG,11,8,3
기자/NNG,87,51,36
사람인/NNG,4,4,0
아이콘/NNG,29,16,13
루프/NNG,29,16,13
협약/NNG,52,30,22
입사/NNG,6,4,2
지원자/NNG,6,6,0
마이/MAG,22,14,8
아이디/NNG,12,10,2
촬영/NNG,9,9,0
출자/NNG,2,1,1
진위/NNG,6,5,1
회원/NNG,67,47,20
실생활/NNG,7,6,1
반감기/NNG,43,24,19
연산/NNG,18,17,1
월로/NNG,8,7,1
사태/NNG,71,57,14
시일/NNG,7,7,0
호전/NNG,2,2,0
설비/NNG,6,5,1
확충/NNG,5,3,2
차질/NNG,13,11,2
빚어지/VV,1,1,0
이견/NNG,3,2,1
채굴장비/NNG,7,4,3
실리콘/NNG,4,3,1
미뤘/VV,2,1,1
애프터/NNG,1,1,0
최신형/NNG,1,1,0
이브/NNG,13,6,7
국명/NNG,2,2,0
사업부문/NNG,3,2,1
멈추/VV,22,13,9
진원지/NNG,2,1,1
직격탄/NNG,5,4,1
사오/NNG,1,1,0
경쟁률/NNG,1,1,0
씩/NNG,1,1,0
겹치/VV,7,5,2
레이트/NNG,66,47,19
왕신/NNG,2,2,0
마이크로마케팅/NNG,1,1,0
이맘때/NNG,1,1,0
회수기간/NNG,1,1,0
중고/NNG,6,5,1
예전/NNG,7,3,4
가동/NNG,27,12,15
구형/NNG,4,3,1
나라기업/NNG,2,2,0
최신/NNG,19,14,5
똑같이/MAG,4,2,2
에버/NNG,4,4,0
셰/NNG,12,12,0
견본/NNG,1,1,0
넉넉히/MAG,1,1,0
어렵/VV,41,23,18
대행/NNG,24,19,5
다중/NNG,11,4,7
지사/NNG,27,6,21
관리자/NNG,25,13,12
은행업/NNG,3,3,0
경력/NNG,9,7,2
저녁/NNG,9,6,3
만찬/NNG,4,4,0
나누/VV,17,11,6
가졌/VV,6,3,3
고향/NNG,2,2,0
이토/NNG,10,7,3
재무/NNG,25,10,15
자선/NNG,6,6,0
하이/NNG,3,3,0
식사/NNG,9,9,0
지혜/NNG,2,2,0
비전/NNG,24,17,7
무한/NNG,5,4,1
영광/NNG,3,2,1
조언/NNG,18,7,11
전영역/NNG,1,1,0
손잡/VV,17,7,10
오갔/VV,26,12,14
경매/NNG,41,23,18
부쳐/VV,2,2,0
수익금/NNG,4,4,0
글라이드/NNG,1,1,0
입찰/NNG,11,7,4
본래/MAG,3,1,2
신장/NNG,25,23,2
결석/NNG,1,1,0
출국/NNG,2,2,0
생방송/NNG,1,1,0
소란/NNG,3,2,1
죄송/NNG,4,4,0
송구/NNG,1,1,0
사과/NNG,5,4,1
고수/NNG,9,5,4
쥐약/NNG,5,4,1
곱한/VV,3,3,0
반감/NNG,4,3,1
측도/NNG,3,3,0
응하/VV,5,3,2
예산안/NNG,15,14,1
국토/NNG,11,4,7
밀경/NNG,5,5,0
호국/NNG,5,5,0
한층/MAG,7,6,1
남용/NNG,7,5,2
행각/NNG,2,1,1
재하/VV,2,2,0
경호/NNG,1,1,0
위조지폐/NNG,2,2,0
발달/NNG,5,3,2
띠/VV,12,7,5
테러지원국/NNG,1,1,0
고리/NNG,9,4,5
전담/NNG,12,8,4
국을/NNG,4,1,3
중첩/NNG,2,2,0
미지/NNG,2,2,0
수다/NNG,3,3,0
구속력/NNG,2,2,0
구상/NNG,15,6,9
코/NNG,223,162,61
명훈/NNG,6,6,0
커머스/NNG,11,8,3
한해/VV,3,2,1
스냅샷/NNG,1,1,0
무작위/NNG,2,1,1
잔고/NNG,3,1,2
수익률/NNG,76,37,39
투자성향/NNG,1,1,0
고도화/NNG,10,5,5
락업/NNG,10,9,1
코스모스/NNG,20,14,6
오일/NNG,5,5,0
전자계약/NNG,9,7,2
끝낸다는/VV,1,1,0
전국/NNG,35,18,17
유소/NNG,2,2,0
거래처/NNG,2,2,0
종이/NNG,21,8,13
사후/NNG,9,6,3
합의서/NNG,1,1,0
원본/NNG,11,8,3
위변/NNG,11,8,3
공개키기반구조/NNG,1,1,0
사설/NNG,4,2,2
인증서/NNG,9,4,5
안성/NNG,11,4,7
비즈/NNG,3,3,0
왔다/VV,14,8,6
구현/NNG,32,19,13
빠짐없이/MAG,2,1,1
징계/NNG,1,1,0
어겼/VV,1,1,0
권고/NNG,26,16,10
산업/NNG;성장/NNG,8,5,3
대표기업/NNG,1,1,0
넷/NNG,39,19,20
달성/NNG,35,22,13
연계/NNG,33,18,15
방점/NNG,1,1,0
찍혀/VV,3,2,1
짚/VV,15,11,4
첫선/NNG,2,1,1
앞선/VV,9,8,1
클레이/NNG,28,12,16
부른다/VV,9,7,2
카/VV,11,8,3
슬/VV,34,33,1
네트웍스/NNG,8,2,6
유저/NNG,13,10,3
발행처/NNG,2,1,1
예비/NNG,9,7,2
재선/NNG,8,6,2
슬/NNG,9,9,0
추구/NNG,20,14,6
라/NNG,13,9,4
손쉽/VA,19,14,5
통로/NNG,6,4,2
언/NNG,9,8,1
여건/NNG,8,5,3
와야/VV,2,2,0
외국기업/NNG,4,4,0
찰떡궁합/NNG,1,1,0
적다/NNG,3,3,0
파샤/NNG,1,1,0
작동/NNG,30,16,14
포/NNG,25,7,18
볼/NNG,4,4,0
기여도/NNG,4,4,0
루카스/NNG,3,1,2
이룬다/VV,5,3,2
관전/NNG,1,1,0
장병/NNG,9,7,2
퀀트/NNG,65,40,25
천명/NNG,4,3,1
리드/NNG,6,2,4
유도/NNG,27,13,14
선순환/NNG,3,1,2
꾸려야/VV,1,1,0
킬러앱/NNG,6,2,4
사라져야/VV,1,1,0
소설/NNG,3,2,1
픽션/NNG,1,1,0
출격/NNG,1,1,0
시리즈/NNG,33,23,10
모아서/VV,6,4,2
장악/NNG,8,3,5
모은다면/VV,2,1,1
투입/NNG,26,9,17
필연/NNG,7,3,4
심화/NNG,11,8,3
와중/NNG,7,6,1
독특/NNG,19,10,9
아쉬움/NNG,3,1,2
입지/NNG,5,1,4
사정/NNG,16,10,6
정통/NNG,13,11,2
교두/NNG,1,1,0
사용자경험/NNG,5,1,4
페이먼트/NNG,2,2,0
완성도/NNG,4,4,0
실사/NNG,13,4,9
용자/NNG,3,1,2
여야/NNG,13,11,2
뺏기/VV,2,2,0
불상사/NNG,1,1,0
클립/NNG,21,7,14
판매가격/NNG,19,13,6
추이/NNG,14,5,9
던지/VV,10,6,4
칠/NNG,2,2,0
파트너십/NNG,35,24,11
시오스/NNG,6,6,0
팬/NNG,39,18,21
구단/NNG,5,4,1
서포터/NNG,1,1,0
커머셜/NNG,1,1,0
폰트/NNG,1,1,0
다가갈/VV,2,1,1
상용화/NNG,10,6,4
걸음/NNG,5,3,2
다가가/VV,4,2,2
의사결정/NNG,13,4,9
헀/VV,1,1,0
필봉/NNG,1,1,0
개벌/NNG,1,1,0
크로스/NNG,13,7,6
앵글/NNG,7,4,3
증빙/NNG,6,3,3
밀접/NNG,7,4,3
서비스기업/NNG,15,8,7
계백/NNG,2,1,1
필드/NNG,3,1,2
프리미엄/NNG,72,38,34
가맹점/NNG,26,11,15
메뉴/NNG,7,6,1
즉시/MAG,20,9,11
머/VV,5,1,4
사용처/NNG,17,14,3
많/VA;자신/NNG,1,1,0
걱정/NNG,40,22,18
간담/NNG,4,4,0
중심가/NNG,1,1,0
건물/NNG,11,5,6
조찬/NNG,1,1,0
전면/NNG,25,16,9
재직/NNG,15,10,5
무조건/MAG,6,3,3
접하/VV,8,6,2
파고/NNG,3,2,1
쓰인다/VV,7,4,3
어렵/VA;불확실성/NNG,2,1,1
투기/NNG;막/VV,1,0,1
총선/NNG,3,0,3
임시국회/NNG,3,0,3
쏠리/VV,5,3,2
폐기/NNG,9,3,6
발의/NNG,28,12,16
법사위/NNG,6,1,5
간사/NNG,3,1,2
상정/NNG,5,1,4
간사인/NNG,5,2,3
상임/NNG,4,2,2
정무위/NNG,6,3,3
돌발/NNG,1,0,1
변수/NNG,6,2,4
소관/NNG,1,0,1
금융위/NNG,57,24,33
쟁점/NNG,17,8,9
불발/NNG,2,0,2
실시/NNG,32,20,12
점검/NNG,31,14,17
시급/NNG,12,7,5
그림자/NNG,2,1,1
영위/NNG,5,2,3
중소/NNG,14,6,8
대거/MAG,20,16,4
폐업/NNG,28,14,14
구조조정/NNG,3,1,2
관문/NNG,9,3,6
인용/NNG,23,12,11
둔다고/VV,1,0,1
마친/VV,14,6,8
순수/NNG,9,6,3
출발/NNG,6,4,2
심플렉스/NNG,1,0,1
시스템통합/NNG,2,1,1
우버/NNG,4,0,4
영입/NNG,15,5,10
적법성/NNG,2,1,1
리저브/NNG,8,7,1
움직임/NNG,51,31,20
파급효과/NNG,4,2,2
응답/NNG,23,7,16
부서/NNG,14,7,7
학기/NNG,2,1,1
학생증/NNG,2,0,2
카드/NNG,99,31,68
학적/NNG,1,0,1
대출상품/NNG,10,7,3
닥터/NNG,13,11,2
협의회/NNG,6,4,2
정회원/NNG,1,0,1
서류/NNG,42,23,19
이루어진다/VV,7,4,3
편리/NNG,18,9,9
비대/VV,59,37,22
개설/NNG,39,26,13
담배/NNG,2,0,2
등록증/NNG,4,1,3
파/NNG,6,5,1
운트/NNG,1,0,1
생략/NNG,1,0,1
이니셜/NNG,9,5,4
증서/NNG,16,5,11
완하/NNG,3,0,3
구실/NNG,11,7,4
진흥/NNG,18,11,7
기조/NNG,24,7,17
고위/NNG,6,5,1
사이렌/NNG,1,0,1
쓴다/VV,5,0,5
출장/NNG,2,0,2
즐겨/VV,5,1,4
마신/VV,1,0,1
일정금액/NNG,3,1,2
남기/VV,20,13,7
여행지/NNG,4,0,4
다짐/NNG,2,1,1
의식/NNG,10,8,2
매장/NNG,12,1,11
모회사/NNG,15,5,10
콘티넨털/NNG,2,0,2
부사장/NNG,35,27,8
맹사/NNG,1,0,1
선두/NNG,7,3,4
넓혀/VV,7,5,2
시장조사업체/NNG,2,0,2
인텔리전스/NNG,5,2,3
웬만/NNG,1,0,1
예금/NNG,37,26,11
맞먹/VV,5,2,3
선수금/NNG,1,0,1
선불/NNG,11,4,7
적립/NNG,10,2,8
쿠폰/NNG,2,1,1
로열티/NNG,6,2,4
분의/NNG,3,1,2
토스/NNG,11,10,1
불충/NNG,10,0,10
전금/NNG,10,0,10
잔액/NNG,16,10,6
대훈/NNG,4,2,2
예치/NNG,92,55,37
추산/NNG,15,6,9
호환/NNG,18,10,8
개국/NNG,31,23,8
다닐/VV,2,0,2
중국인/NNG,9,8,1
관광객/NNG,10,2,8
이치/NNG,10,4,6
거듭날/VV,2,0,2
직접금융/NNG,1,0,1
시나리오/NNG,22,12,10
물결/NNG,1,0,1
실물인수도/NNG,2,0,2
오가/VV,11,6,5
앞단/NNG,1,0,1
단/NNG,14,5,9
자산운용/NNG,19,11,8
지준/NNG,6,0,6
위력/NNG,4,1,3
발휘/NNG,9,5,4
갈리/VV,2,1,1
은행지점/NNG,3,0,3
노하우/NNG,9,7,2
페소/NNG,2,1,1
걷잡/VV,1,0,1
믿음직스러울/VA,1,0,1
신년사/NNG,1,0,1
경계/NNG,13,9,4
무너/VV,30,17,13
가져다준/VV,2,1,1
영토확장/NNG,1,0,1
무궁무진/NNG,3,2,1
소비/NNG,64,33,31
쓱/MAG,5,0,5
한번/MAG,10,5,5
모색/NNG,23,10,13
받쳐/VV,3,2,1
소수점/NNG,4,1,3
단위/NNG,20,11,9
자투리/NNG,1,0,1
소액투자자/NNG,2,0,2
모은다는/VV,1,0,1
드라이브/NNG,4,2,2
스루/NNG,6,4,2
소매점/NNG,2,0,2
따/VV,8,4,4
수송/NNG,1,0,1
한중/NNG,1,0,1
섭/NNG,10,4,6
브랜드파워/NNG,1,0,1
자본력/NNG,3,0,3
안과/NNG,2,2,0
아울러/MAG,21,16,5
대시/NNG,7,6,1
국어/NNG,4,2,2
올인원/NNG,1,1,0
알파/NNG,12,3,9
이목/NNG,6,3,3
메웠/VV,1,1,0
럭스/NNG,2,2,0
수익형/NNG,1,1,0
임대/NNG,4,4,0
자산관리/NNG,25,17,8
홈/NNG,5,2,3
닥/NNG,35,18,17
피어/NNG,2,2,0
엑스/NNG,99,44,55
서비스업/NNG,2,2,0
힌트/NNG,4,4,0
만기일/NNG,4,4,0
등급별/NNG,1,1,0
멤버십/NNG,2,1,1
잠시/NNG,3,0,3
재개/NNG,31,13,18
인출/NNG,17,10,7
신용거래/NNG,2,0,2
신용계좌/NNG,1,0,1
굿/NNG,2,0,2
바디/NNG,4,1,3
비교적/VAX,36,16,20
에러/NNG,3,1,2
당했/VV,15,6,9
밤/NNG,19,10,9
분/VV,9,6,3
마진/NNG,5,1,4
새벽/NNG,17,14,3
원리/NNG,10,6,4
한시적/VAX,5,3,2
회관/NNG,6,1,5
디자인/NNG,14,5,9
오문/NNG,1,0,1
정책학/NNG,1,0,1
여대/NNG,1,0,1
완벽/NNG,16,9,7
차손/NNG,1,0,1
산/VV,10,5,5
정경/NNG,1,0,1
입법/NNG,47,32,15
증권거래법/NNG,3,2,1
비상장/NNG,3,2,1
장외시장/NNG,13,11,2
대모/NNG,1,0,1
피난처/NNG,21,8,13
건의/NNG,1,0,1
기/VV,6,3,3
공식입장/NNG,5,1,4
연락처/NNG,2,0,2
네트워크효과/NNG,11,7,4
생겨난다/VV,4,1,3
무시/NNG,14,7,7
괴리/NNG,10,5,5
융통성/NNG,2,0,2
저해/NNG,8,0,8
금지조항/NNG,2,1,1
해줌/VV,1,0,1
성적/NNG,7,4,3
불/VV,21,12,9
위장/NNG,5,2,3
개발팀/NNG,4,1,3
불량/NNG,1,0,1
걸러낼/VV,1,0,1
가려낼/VV,2,1,1
단독/NNG,8,4,4
구별/NNG,4,2,2
들러/VV,3,0,3
허브/NNG,28,14,14
피드백/NNG,8,4,4
바란다/VV,34,16,18
긍정적/VAX;효과/NNG,4,2,2
자신/NNG;오르/VV,2,2,0
많/VA;불안/NNG,1,1,0
위키피디아/NNG,14,14,0
설립자/NNG,56,41,15
지미/NNG,1,1,0
설득력/NNG,6,4,2
단언/NNG,6,3,3
이념/NNG,8,6,2
속성/NNG,4,3,1
정반대/NNG,6,3,3
편집자/NNG,14,8,6
발상/NNG,6,6,0
정말/MAG,33,27,6
터무니없/VA,3,1,2
자발/NNG,10,8,2
관계없/VA,3,1,2
시물/NNG,6,3,3
후퇴/NNG,4,1,3
다름없/VA,8,6,2
생/NNG,5,4,1
품질향상/NNG,1,1,0
심각/NNG,38,22,16
무릅쓰/VV,3,3,0
박/VV,12,11,1
건다면/VV,1,1,0
호기심/NNG,2,1,1
연설자/NNG,2,1,1
준다/VV,14,10,4
막연히/MAG,1,1,0
짐작/NNG,13,5,8
공공연/NNG,1,1,0
키/NNG,52,31,21
액셀/NNG,8,5,3
매겨/VV,2,2,0
가격표/NNG,4,4,0
눈/NNG,66,35,31
띄/VV,17,9,8
수에/NNG,1,1,0
해준다/VV,2,2,0
출연/NNG,15,9,6
역량/NNG,24,15,9
우수/NNG,11,7,4
괴한/NNG,1,1,0
피습/NNG,1,1,0
배경/NNG,53,34,19
경로/NNG,15,8,7
쓰였/VV,3,3,0
가이드라인/NNG,38,21,17
안다/VV,5,4,1
씨/VV,4,3,1
바이럴마케팅/NNG,1,1,0
하청/NNG,1,1,0
독/NNG,7,6,1
강점/NNG,3,2,1
전언/NNG,2,2,0
무성/NNG,1,1,0
실태/NNG,6,4,2
언론사/NNG,10,9,1
정작/MAG,6,4,2
시청자/NNG,5,5,0
눈치채/VV,1,1,0
숙원/NNG,1,1,0
네이티브광고/NNG,1,1,0
밝/VA,11,6,5
장래/NNG,3,2,1
고스란히/MAG,6,3,3
활황기/NNG,1,1,0
문서대/NNG,1,1,0
성사/NNG,6,5,1
목록/NNG,12,7,5
사칭/NNG,9,8,1
상한/VV,1,0,1
국채/NNG,45,17,28
기한/NNG,23,10,13
낯선/VA,2,1,1
여기/VV,16,8,8
꺼리/VV,5,2,3
까지/NNG,33,19,14
완해/NNG,2,0,2
끈/NNG,1,0,1
채권인수인/NNG,1,0,1
상한선/NNG,3,1,2
다가섰/VV,1,0,1
기업공개/NNG,16,10,6
우회상장/NNG,4,1,3
총회/NNG,20,15,5
무사히/MAG,3,2,1
동반/NNG,9,5,4
천만/NNG,1,0,1
령/NNG,4,1,3
백지/NNG,2,0,2
수표/NNG,2,0,2
증권선물위원회/NNG,5,0,5
지침서/NNG,5,4,1
전문업체/NNG,6,3,3
셰어/NNG,19,4,15
바꾼/VV,8,5,3
역/MAG,4,0,4
움직이/VV,63,25,38
약자/NNG,4,3,1
즈/NNG,10,7,3
역방향/NNG,1,0,1
터무니없이/MAG,2,0,2
울/VV,5,3,2
겨자/NNG,2,0,2
환율/NNG,10,3,7
헤지/NNG,37,16,21
즉/VA,1,0,1
정반/NNG,1,0,1
빌린/VV,6,4,2
린/NNG,20,6,14
전가/NNG,5,2,3
비례/NNG,4,3,1
매도포지션/NNG,4,1,3
최대한/NNG,9,4,5
호해/NNG,3,1,2
알맞/VA,2,1,1
대안/NNG,51,23,28
패스트트랙/NNG,5,3,2
철학/NNG,12,9,3
떠난/VV,2,1,1
영구히/MAG,4,2,2
모여/VV,10,7,3
망자/NNG,10,0,10
버튼/NNG,19,2,17
검열/NNG,13,3,10
엔지니어/NNG,12,8,4
예거/NNG,4,0,4
밴/VV,1,0,1
워크숍/NNG,7,2,5
부고/NNG,1,0,1
사망/NNG,9,1,8
어진/VA,2,1,1
도록/NNG,4,2,2
설정/NNG,31,17,14
누른다/VV,1,0,1
눌리/VV,3,1,2
아이디어/NNG,34,22,12
깃/NNG,10,6,4
그/VV,15,10,5
최선책/NNG,1,0,1
영감/NNG,8,5,3
미완성/NNG,1,0,1
권하/VV,5,3,2
재미있/VA,19,8,11
자극/NNG,6,2,4
마니아/NNG,1,0,1
즐겁/VA,3,1,2
생긴다면/VV,2,1,1
성장/NNG;긍정적/VAX,1,0,1
인플레이션/NNG;높/VA,2,1,1
매출/NNG;잡/VV,2,1,1
효/NNG,2,1,1
경향/NNG,29,15,14
신통/NNG,1,0,1
할지/VV,7,4,3
겸직/NNG,1,0,1
무언가/NNG,3,1,2
시장조사기관/NNG,2,1,1
가트너/NNG,2,0,2
열악/NNG,3,2,1
신흥/NNG,3,1,2
휘말렸/VV,1,0,1
소홀/NNG,3,0,3
기각/NNG,5,2,3
거슬러/VV,2,0,2
고문/NNG,24,10,14
징벌적손해배상/NNG,3,1,2
공방/NNG,4,1,3
박근/NNG,1,0,1
성/NNG,29,19,10
청소년/NNG,13,3,10
시행령/NNG,93,50,43
정령/NNG,2,0,2
담겼/VV,9,4,5
대면/NNG,9,7,2
완/VV,11,6,5
법체계/NNG,1,0,1
아바스/NNG,1,0,1
수령자/NNG,1,0,1
펜션/NNG,2,0,2
잊어버렸/VV,1,0,1
답한/VV,7,1,6
파운드/NNG,53,40,13
장공/NNG,1,0,1
무려/MAG,30,12,18
연기금/NNG,3,0,3
수령/NNG,9,5,4
갱신/NNG,6,3,3
알리/NNG,1,0,1
마땅/NNG,9,2,7
허점/NNG,8,4,4
질병/NNG,7,1,6
거리/NNG,46,25,21
근속/NNG,1,0,1
서명/NNG,47,34,13
운전/NNG,11,1,10
면허증/NNG,11,1,10
납입/NNG,1,0,1
코다/NNG,15,11,4
스턴트/NNG,1,0,1
론/NNG,5,3,2
칭한/VV,3,1,2
티/VV,3,1,2
낳/VV,11,6,5
시범/NNG,61,33,28
유용성/NNG,6,4,2
적잖/VA,3,2,1
데이비드/NNG,9,6,3
버치/NNG,3,0,3
진다는/VV,1,0,1
이민/NNG,4,4,0
벌크/NNG,1,1,0
밀반입/NNG,7,7,0
잔/NNG,19,5,14
청의/NNG,1,1,0
메스암페타민/NNG,1,1,0
인신매매/NNG,1,1,0
노인/NNG,2,2,0
다크/NNG,45,30,15
마약/NNG,16,7,9
아편/NNG,1,1,0
밀매/NNG,1,1,0
애국자/NNG,3,3,0
위법/NNG,8,6,2
범죄자/NNG,12,4,8
끄/VV,6,5,1
지날수록/VV,3,1,2
진화/NNG,12,8,4
불법자금/NNG,6,4,2
송금방식/NNG,4,4,0
다각화/NNG,8,5,3
깨닫/VV,9,5,4
연관/NNG,21,12,9
나날이/MAG,3,2,1
수법/NNG,16,14,2
무허가/NNG,2,1,1
브로커/NNG,19,9,10
묘사/NNG,4,2,2
연방정부/NNG,13,9,4
드러났/VV,13,10,3
사들인/VV,6,5,1
해임/NNG,3,3,0
폴/NNG,16,12,4
싱어/NNG,1,1,0
자다/NNG,3,3,0
직/NNG,6,3,3
전담팀/NNG,2,1,1
꾸리/VV,2,2,0
복귀/NNG,5,4,1
림/NNG,14,2,12
명의이사/NNG,1,1,0
공석/NNG,1,1,0
채울/VV,1,1,0
원한다/VV,4,4,0
비공개회의/NNG,1,1,0
안면/NNG,11,6,5
침해/NNG,22,10,12
공작/NNG,4,4,0
양회/NNG,4,2,2
대회/NNG,32,30,2
정치협상회의/NNG,1,1,0
전역/NNG,12,8,4
심천/NNG,1,1,0
고용/NNG,21,12,9
최적화/NNG,5,3,2
성장점/NNG,1,1,0
부적/NNG,14,10,4
고할/VV,2,2,0
협동/NNG,2,2,0
망인/NNG,1,1,0
푸/NNG,3,2,1
퉁/NNG,1,1,0
업그레이드/NNG,40,24,16
푸젠/NNG,20,1,19
소다/NNG,3,2,1
플레이/NNG,26,17,9
가격/NNG;금리/NNG;인하/NNG,1,0,1
금리/NNG;인하/NNG;압박/NNG,1,0,1
경기/NNG;둔화/NNG;막/VV,1,0,1
금리/NNG;오르/VV;그러/VV,1,0,1
타격/NNG;입/VV;않/VX,1,0,1
위험/NNG;점증/NNG,1,0,1
경기/NNG;지지/NNG,1,0,1
강하/VA;의구심/NNG,1,0,1
가동/NNG;멈추/VV,2,0,2
피해/NNG;줄/VV,4,1,3
공략/NNG,9,7,2
넥/NNG,3,0,3
유니버설/NNG,3,0,3
신뢰성/NNG,1,0,1
패브릭/NNG,17,10,7
웍스/NNG,2,0,2
랜드/NNG,26,18,8
자재/NNG,2,0,2
현황/NNG,54,39,15
응대/NNG,3,2,1
뱅킹/NNG,2,0,2
업종/NNG,5,1,4
도락/NNG,1,0,1
둔화/NNG,8,3,5
인하/NNG,9,1,8
교역/NNG,4,2,2
악재/NNG,16,8,8
얼어붙/VV,1,0,1
긴급히/MAG,2,0,2
금융위기/NNG,31,17,14
가해/VV,4,3,1
점증/NNG,1,0,1
경과/NNG,3,0,3
면밀히/MAG,9,5,4
몰리/VV,39,20,19
배치/NNG,7,3,4
점치/VV,5,1,4
격리/NNG,6,4,2
충격/NNG,22,16,6
모아졌/VV,1,0,1
옮긴/VV,3,1,2
발맞춰/VV,4,0,4
리기/NNG,4,1,3
논평/NNG,5,1,4
흔들/VV,7,4,3
노골/NNG,5,3,2
압박/NNG,21,15,6
도덕적해이/NNG,1,0,1
느닷없이/MAG,1,0,1
시인/NNG,4,1,3
물으면/VV,3,1,2
대개/MAG,16,12,4
압도/NNG,7,3,4
떼/VV,8,4,4
극명/NNG,2,1,1
신기/NNG,3,1,2
수소문/NNG,2,0,2
접촉/NNG,29,19,10
취재/NNG,47,24,23
복수/NNG,18,14,4
고도/NNG,9,5,4
창/NNG,11,2,9
건당/NNG,10,8,2
느낌/NNG,10,5,5
맵/NNG,3,2,1
간격/NNG,7,1,6
벌어져/VV,2,0,2
통상/MAG,5,2,3
좁/VA,8,3,5
투자비용/NNG,1,0,1
온종일/NNG,2,0,2
씩/MAG,6,2,4
의혹/NNG,25,21,4
잔량/NNG,2,0,2
과매도/NNG,6,2,4
합쳐도/VV,1,0,1
차원/NNG,57,29,28
소화/NNG,3,0,3
잔뜩/MAG,4,2,2
가장매매/NNG,10,0,10
최대급/NNG,4,0,4
심/NNG,10,1,9
무죄/NNG,2,0,2
재판부/NNG,8,4,4
관측/NNG,9,4,5
모를까/VV,1,0,1
상당부분/NNG,13,8,5
행한/VV,1,0,1
유량/NNG,59,45,14
즉답/NNG,5,0,5
부풀린/VV,2,1,1
악용/NNG,16,10,6
눈속임/NNG,1,0,1
속여/VV,3,2,1
시달리/VV,8,4,4
도산/NNG,8,7,1
예탁/NNG,13,4,9
통정매매/NNG,1,0,1
금융투자업/NNG,4,1,3
성황/NNG,2,0,2
징역/NNG,11,5,6
불가피/NNG,12,4,8
뛰어들/VV,18,11,7
비난/NNG,12,8,4
별론/NNG,1,0,1
신의성실의원칙/NNG,1,0,1
판결문/NNG,2,0,2
전형/NNG,11,8,3
지나치/VA,18,8,10
자행/NNG,1,0,1
설령/MAG,2,1,1
인터넷은행/NNG,7,7,0
완화/NNG,41,18,23
부결/NNG,7,3,4
정무위원회/NNG,27,16,11
이례적/VAX,8,7,1
재석/NNG,1,1,0
기권/NNG,1,1,0
당과/NNG,2,1,1
민생/NNG,6,6,0
정의당/NNG,1,1,0
반대표/NNG,1,1,0
항의/NNG,9,5,4
퇴장/NNG,1,1,0
정회/NNG,1,1,0
은행법/NNG,10,6,4
공정거래법/NNG,3,3,0
골자/NNG,8,3,5
저축/NNG,5,4,1
유무/NNG,3,1,2
케이뱅크/NNG,15,6,9
도약/NNG,7,4,3
표결/NNG,1,1,0
은산분리원칙/NNG,1,1,0
사금/NNG,1,1,0
고화/NNG,1,1,0
상식/NNG,6,4,2
거스르/VV,1,1,0
정권/NNG,5,3,2
명조/NNG,2,2,0
개사/NNG,16,9,7
포스트/NNG,19,10,9
연인원/NNG,1,1,0
공고/NNG,12,6,6
입찰공고/NNG,2,2,0
가격/NNG;단기/NNG;상승/NNG,1,1,0
최대/NNG;증가/NNG,1,1,0
기대/NNG;성공/NNG,1,1,0
판매/NNG;많/VA,2,2,0
높/VA;최대/NNG,1,1,0
가격/NNG;늘/VV,2,2,0
돌파/NNG,82,50,32
정체국면/NNG,3,2,1
척도/NNG,6,5,1
정상화/NNG,5,3,2
채굴장/NNG,44,40,4
수리/NNG,49,29,20
각축전/NNG,1,1,0
벌이/VV,6,4,2
살인/NNG,4,1,3
어지/NNG,7,4,3
다카/NNG,9,4,5
돌아간/VV,3,1,2
헬러/NNG,5,5,0
증강/NNG,1,1,0
행/NNG,28,13,15
대입/NNG,1,1,0
이른다는/VV,2,2,0
추/NNG,57,38,19
눈빛/NNG,1,1,0
가득/MAG,5,1,4
지친/VV,2,2,0
표정/NNG,7,4,3
카페/NNG,6,2,4
홀가분/NNG,1,1,0
도중/NNG,3,2,1
가끔/MAG,6,6,0
흥분/NNG,3,1,2
울컥/MAG,1,1,0
담담/NNG,2,2,0
장밋빛/NNG,6,4,2
여년/NNG,4,4,0
결심/NNG,3,1,2
박이/NNG,3,3,0
붐/NNG,13,9,4
급증/NNG,59,40,19
김치프리미엄/NNG,50,21,29
데이/NNG,9,4,5
팅/MAG,3,3,0
착안/NNG,4,4,0
친한/VA,2,2,0
런/NNG,18,6,12
칭했/VV,2,2,0
상일/NNG,1,1,0
뜻대로/MAG,3,2,1
잊혀졌/VV,1,1,0
조회/NNG,10,4,6
묻혔/VV,1,1,0
잼/NNG,3,3,0
라이브/NNG,6,4,2
퀴즈/NNG,14,6,8
맞히/VV,2,2,0
상금/NNG,13,13,0
누적/NNG,11,5,6
맞힌/VV,1,1,0
뜨겁/VA,19,14,5
퍼지/NNG,6,3,3
다퉈/VV,2,2,0
킬러/NNG,4,1,3
알릴/VV,3,2,1
일석/NNG,1,1,0
조였/VV,1,1,0
더월/NNG,3,3,0
박/NNG,6,6,0
노련/NNG,1,1,0
을계정/NNG,1,1,0
지닌/VV,27,13,14
비즈니스모델/NNG,9,3,6
대성공/NNG,2,1,1
매회/MAG,1,1,0
판/NNG,25,20,5
행진/NNG,2,2,0
박의/NNG,2,2,0
순이익/NNG,14,10,4
꾸몄/VV,1,1,0
일궜/VV,1,1,0
얼굴/NNG,9,7,2
어둡/VA,5,2,3
후폭풍/NNG,1,1,0
가라앉/VV,3,1,2
엉터리/NNG,1,1,0
설거지/NNG,4,4,0
리스트/NNG,26,21,5
빗발쳤/VV,2,2,0
시킬/VV,1,1,0
신경/NNG,13,7,6
꺼도/VV,1,1,0
넘쳐났/VV,2,1,1
미끼/NNG,6,6,0
뒷전/NNG,1,1,0
써댔/VV,2,2,0
위함/VV,7,4,3
대목/NNG,2,2,0
여전/NNG,1,1,0
회의감/NNG,1,1,0
와서/VV,8,7,1
당당/NNG,2,2,0
일군/VV,2,1,1
벌려야/VV,1,1,0
적/NNG,4,3,1
갈등/NNG,12,10,2
심하/VA,19,11,8
차라리/MAG,2,1,1
무비/NNG,9,1,8
판도라/NNG,1,1,0
쓸모/NNG,2,2,0
중학생/NNG,1,1,0
견디/VV,1,1,0
아웃/NNG,4,3,1
탈/NNG,6,5,1
블/VV,4,3,1
향하/VV,13,10,3
돌아올/VV,1,1,0
웃/VV,7,5,2
되돌/VV,9,8,1
허상/NNG,1,1,0
귀/NNG,8,4,4
애정/NNG,1,1,0
되돌아올/VV,1,1,0
원유/NNG;가격/NNG;급락/NNG,1,0,1
위기/NNG;확산/NNG;방지/NNG,1,0,1
수출/NNG;막/VV,1,0,1
자본/NNG;늘/VV,1,0,1
투자/NNG;늘/VV,5,2,3
생산업체/NNG,3,1,2
엑손/NNG,1,0,1
모빌/NNG,1,0,1
드래/VV,1,0,1
벤처/NNG,54,29,25
산유국/NNG,8,4,4
감산/NNG,9,5,4
원유/NNG,13,6,7
opec/NNG,2,0,2
연합체/NNG,6,1,5
증산/NNG,1,0,1
석유시장/NNG,2,0,2
과잉/NNG,4,0,4
가격결정/NNG,2,1,1
공급망/NNG,30,18,12
포부/NNG,6,2,4
클리퍼/NNG,1,0,1
삭감/NNG,1,0,1
기반시설/NNG,3,2,1
재로/NNG,11,6,5
수출/NNG,16,5,11
그야말로/MAG,4,3,1
최악/NNG,22,12,10
치닫/VV,3,2,1
아비/NNG,2,1,1
챌/VV,1,0,1
터도/VV,1,0,1
미스터/NNG,7,2,5
지배/NNG,10,4,6
변국/NNG,2,0,2
밴/NNG,1,0,1
계경/NNG,15,10,5
포럼/NNG,30,18,12
탐색/NNG,6,2,4
퇴출/NNG,10,4,6
경영권/NNG,8,3,5
되찾/VV,11,8,3
통지서/NNG,2,0,2
잔화/NNG,16,0,16
적혀/VV,10,4,6
원고/NNG,8,3,5
케이/NNG,17,7,10
멀/VA,40,20,20
기한/VV,12,4,8
맞물리/VV,6,2,4
권력/NNG,28,14,14
다툼/VV,2,0,2
종결/NNG,2,0,2
대폭/MAG,13,4,9
인단/NNG,1,0,1
열린다는/VV,3,1,2
부활절/NNG,1,0,1
식의/NNG,2,0,2
잔/VV,1,0,1
지닐/VV,2,1,1
간접/NNG,8,3,5
청해/VV,1,0,1
끌어낸/VV,1,0,1
희석/NNG,1,0,1
하필/MAG,2,1,1
택한/VV,1,0,1
축출/NNG,1,0,1
본토/NNG,6,3,3
판로/NNG,2,0,2
덜/MAG,9,6,3
앉힌/VV,1,0,1
자금력/NNG,2,1,1
탄탄/NNG,11,8,3
재택근무/NNG,39,2,37
취하/VV,20,12,8
와/NNG,8,4,4
대기업/NNG,42,25,17
직업/NNG,19,2,17
원격/NNG,8,1,7
근무/NNG,17,7,10
동료/NNG,6,4,2
맞댈/VV,1,0,1
막상/MAG,4,2,2
책상/NNG,5,0,5
옆/NNG,5,3,2
출근/NNG,10,2,8
외출/NNG,2,1,1
잠잠/NNG,4,0,4
만날/VV,4,1,3
머문다고/VV,1,0,1
부모/NNG,10,7,3
엄마/NNG,3,0,3
심심/NNG,1,0,1
학교/NNG,10,6,4
학원/NNG,4,2,2
어리/VA,2,1,1
까마득/NNG,2,1,1
가방/NNG,1,0,1
메/VV,10,1,9
남편/NNG,2,1,1
한눈/NNG,4,1,3
빈/VV,7,2,5
셀프/NNG,4,3,1
감금/NNG,2,1,1
그나마/MAG,11,8,3
워킹/NNG,1,0,1
맘/NNG,2,1,1
선배/NNG,3,2,1
무용담/NNG,1,0,1
숨/VV,5,4,1
취재원/NNG,11,7,4
종일/NNG,3,1,2
난다/VV,2,0,2
가슴/NNG,2,0,2
철렁/MAG,2,0,2
부편/NNG,1,0,1
집장/NNG,1,0,1
빼앗겨/VV,1,0,1
하소연/NNG,2,0,2
슬슬/MAG,2,1,1
답답/NNG,2,0,2
마스크/NNG,51,41,10
챙겨/VV,3,1,2
만석/NNG,1,0,1
앉/VV,9,6,3
부엌/NNG,1,0,1
원룸/NNG,1,0,1
도저히/MAG,2,1,1
작업실/NNG,1,0,1
생각났/VV,1,0,1
개별기업/NNG,1,0,1
개개인/NNG,3,1,2
막막/NNG,1,0,1
중소기업/NNG,14,9,5
일찍이/MAG,2,0,2
메일/NNG,8,6,2
들어온/VV,7,4,3
썼을까/VV,1,0,1
비비/VV,1,0,1
깨달/VV,6,3,3
싫/VA,13,6,7
흐릿/NNG,1,0,1
착각/NNG,3,1,2
난생/MAG,2,1,1
설레/VV,1,0,1
오랜만/NNG,6,0,6
향했/VV,2,0,2
편집장/NNG,2,0,2
한나절/NNG,1,0,1
각자/MAG,8,4,4
대중교통/NNG,4,2,2
붐빌/VV,1,0,1
눌러/VV,2,1,1
귀가/NNG,1,0,1
개학/NNG,2,1,1
미뤄졌/VV,2,1,1
장기전/NNG,2,1,1
대책/NNG,19,16,3
화상/NNG,7,5,2
화상회의/NNG,5,1,4
마이크/NNG,8,6,2
켜/VV,6,2,4
분정/NNG,1,0,1
슬기/NNG,1,0,1
반쪽/NNG,1,0,1
하루빨리/MAG,1,0,1
빈말/NNG,1,0,1
도로/NNG,18,11,7
특별자금/NNG,1,0,1
자산유동화증권/NNG,3,0,3
도적/NNG,14,4,10
우려/NNG;크/VV,2,1,1
발발/NNG,4,2,2
브루클린/NNG,1,0,1
없애/VV,15,8,7
굳혔/VV,1,0,1
건기/NNG,4,1,3
구/VV,1,0,1
대유행/NNG,12,4,8
심장부/NNG,1,0,1
파고들/VV,3,1,2
병통/NNG,1,0,1
두기/NNG,10,5,5
출고/NNG,1,0,1
대다수/NNG,13,8,5
외곽/NNG,1,0,1
고되/VA,1,0,1
임박/NNG,8,3,5
빌/VV,8,6,2
더블/NNG,6,5,1
굳힌/VV,1,0,1
마치/VV,26,12,14
돌아갔/VV,3,0,3
악수/NNG,1,0,1
팔꿈치/NNG,1,0,1
부딪치/VV,2,0,2
흔드/VV,2,0,2
쉬/VV,2,1,1
스택/NNG,15,8,7
벗/VV,7,3,4
근로자/NNG,3,2,1
층/NNG,9,5,4
긴급/NNG,20,9,11
대처/NNG,12,9,3
발표문/NNG,1,0,1
중고차/NNG,7,1,6
안평/NNG,3,0,3
흩어져/VV,3,1,2
단일/NNG,26,10,16
접근성/NNG,15,8,7
튜닝/NNG,1,0,1
일대/NNG,1,0,1
카테고리/NNG,3,0,3
매물/NNG,5,1,4
사려/VV,1,0,1
서브/NNG,3,2,1
표기/NNG,11,4,7
담당관/NNG,1,0,1
향상/NNG,18,7,11
매정/NNG,1,0,1
추진계획/NNG,1,0,1
자유무역/NNG,2,0,2
분량/NNG,5,3,2
계획서/NNG,11,5,6
양자/NNG,1,0,1
진취/NNG,1,0,1
관해서/VV,4,2,2
브렉시트/NNG,1,0,1
탈퇴/NNG,3,1,2
해졌/VV,1,0,1
계약업체/NNG,1,0,1
분산원장기술/NNG,31,25,6
인터페이스/NNG,11,6,5
공함/NNG,3,2,1
덜/VV,2,1,1
공청회/NNG,4,3,1
교류/NNG,5,1,4
로비/NNG,4,2,2
부록/NNG,1,0,1
첨부/NNG,4,3,1
계면/NNG,5,0,5
인사이드/NNG,1,0,1
딜/NNG,6,1,5
리무진/NNG,2,0,2
여가/NNG,2,0,2
즐기/VV,10,6,4
시너지/NNG,13,6,7
얼라이언스/NNG,15,6,9
현금화/NNG,10,7,3
활성/NNG,3,2,1
넓히/VV,4,1,3
마일리지/NNG,2,0,2
월중/NNG,1,0,1
소비/NNG;심리/NNG;저하/NNG,1,0,1
금리/NNG;마이너스/NNG,1,0,1
불확실성/NNG;해소/NNG,3,0,3
전망/NNG;불투명/NNG,1,0,1
일자리/NNG;확대/NNG,1,0,1
통화/NNG;완화/NNG,1,0,1
유동성/NNG;높/VV,2,0,2
경기/NNG;나쁘/VA,1,0,1
금리/NNG;낮/VV,2,0,2
위기감/NNG,5,2,3
완화정책/NNG,4,2,2
선물거래위원회/NNG,1,0,1
재정정책/NNG,2,1,1
통화위기/NNG,1,0,1
엑센/NNG,2,1,1
츄/MAG,2,1,1
탐구/NNG,2,1,1
평했/VV,5,4,1
시중/NNG,25,16,9
마이너스/NNG,13,3,10
가까움/VA,1,0,1
저하/NNG,5,2,3
물경/MAG,11,6,5
양적완화/NNG,39,17,22
지수선물/NNG,1,0,1
하한선/NNG,1,0,1
마감/NNG,31,17,14
마이너스금리/NNG,4,0,4
여유자금/NNG,2,0,2
쌓/VV,19,11,8
선지급/NNG,1,0,1
야기/NNG,13,6,7
붓/VV,3,1,2
진지/NNG,7,4,3
조율/NNG,8,3,5
긴급통화/NNG,1,0,1
정책회의/NNG,1,0,1
행렬/NNG,5,4,1
뒤늦/VA,9,4,5
광덕/NNG,1,0,1
탐지/NNG,11,6,5
아키텍처/NNG,7,3,4
화이트리스트/NNG,3,2,1
블랙리스트/NNG,7,3,4
저금통/NNG,3,0,3
시즌/NNG,10,7,3
미션/NNG,5,4,1
랍/NNG,2,0,2
자산시장/NNG,49,21,28
등급/NNG,9,5,4
과학/NNG,42,25,17
통신부/NNG,24,13,11
진흥원/NNG,28,13,15
대상기업/NNG,1,0,1
상용/NNG,5,3,2
창의/NNG,4,1,3
과기부/NNG,3,2,1
공모/NNG,16,9,7
일자리/NNG,10,6,4
출원/NNG,9,8,1
저작권/NNG,20,5,15
구직자/NNG,1,0,1
취업/NNG,6,2,4
박운/NNG,1,0,1
과기/NNG,6,1,5
정통부/NNG,6,1,5
정책관/NNG,2,1,1
마중물/NNG,2,1,1
금융시스템/NNG;붕괴/NNG;막/VV,1,1,0
물가/NNG;하방/NNG;압력/NNG,1,1,0
자산/NNG;가격/NNG;부양/NNG,1,1,0
위기/NNG;피하/VV;없/VA,1,1,0
디플레이션/NNG;압력/NNG,1,1,0
금융시장/NNG;패닉/NNG,1,1,0
금융시장/NNG;풀/VV,1,1,0
실물/NNG;둔화/NNG,1,1,0
기업/NNG;도산/NNG,1,1,0
공급/NNG;차질/NNG,2,2,0
구조/NNG;취약/NNG,1,1,0
부채비율/NNG;높/VA,1,1,0
원유/NNG;감산/NNG,2,2,0
생산/NNG;증대/NNG,1,1,0
소득/NNG;떨어/VV,1,1,0
도산/NNG;막/VV,1,1,0
부도/NNG;막/VV,1,1,0
부채/NNG;많/VA,1,1,0
유가/NNG;낮/VA,1,1,0
유가/NNG;높/VA,1,1,0
생산/NNG;줄/VV,1,1,0
돈/NNG;풀/VV,4,3,1
자동차기업/NNG,1,1,0
타/NNG,8,5,3
그룹사/NNG,1,1,0
들어간다고/VV,2,2,0
안팎/NNG,5,2,3
사물/NNG,4,2,2
효율성/NNG,36,17,19
자율/NNG,31,20,11
행차/NNG,3,3,0
스마트시티/NNG,5,4,1
시티/NNG,11,6,5
공급망관리/NNG,2,1,1
본업/NNG,4,3,1
모빌리티/NNG,8,8,0
각기/MAG,9,7,2
축적/NNG,18,9,9
오페라/NNG,10,10,0
설치/NNG,28,16,12
크롬/NNG,2,2,0
등락/NNG,10,3,7
상관없이/MAG,12,8,4
개방형/NNG,19,15,4
앞당기/VV,9,5,4
현존/NNG,7,4,3
인트라넷/NNG,10,10,0
망/NNG,21,19,2
각광/NNG,3,2,1
인해서/VV,5,4,1
유발/NNG,17,7,10
매개체/NNG,3,3,0
그릇/NNG,1,1,0
베팅/NNG,33,23,10
신용경색/NNG,1,1,0
마비/NNG,13,10,3
초유/NNG,4,3,1
지급불능/NNG,1,1,0
꽂/VV,4,4,0
흘러들/VV,3,2,1
끼/VV,8,5,3
시속/NNG,4,4,0
돌아간다고/VV,1,1,0
정합성/NNG,1,1,0
받아들여질/VV,3,2,1
사료/NNG,2,2,0
그래도/VV,11,11,0
애써/VV,1,1,0
버틸/VV,3,1,2
가계/NNG,24,9,15
푸/VV,2,1,1
생산성/NNG,6,4,2
병자/NNG,1,1,0
모르핀/NNG,1,1,0
투약/NNG,2,1,1
부도/NNG,8,6,2
떠받들/VV,1,1,0
공정시장/NNG,1,1,0
수급/NNG,4,1,3
의해서/VV,6,6,0
마음대로/MAG,7,4,3
예후/NNG,1,1,0
전한/VV,7,6,1
온다는/VV,2,1,1
불패/NNG,1,1,0
신화/NNG,2,2,0
공격적/VAX,14,10,4
차린/VV,1,1,0
몰려가/VV,3,3,0
비유/NNG,7,5,2
대장/NNG,6,4,2
끊기/VV,2,1,1
신흥국/NNG,20,15,5
모면/NNG,2,2,0
하이퍼인플레이션/NNG,14,11,3
펀더멘털/NNG,3,2,1
튼튼/NNG,1,1,0
하부/NNG,3,2,1
상승률/NNG,35,20,15
몰려드/VV,1,1,0
공조/NNG,13,8,5
무역전쟁/NNG,3,2,1
각자도생/NNG,2,2,0
풍조/NNG,1,1,0
엮여/VV,2,2,0
숙박업/NNG,1,1,0
운송/NNG,10,10,0
부채비율/NNG,3,2,1
유로존/NNG,4,1,3
정당/NNG,20,6,14
자국민/NNG,3,3,0
산/NNG,1,1,0
유전/NNG,7,7,0
기껏/MAG,1,1,0
땅/NNG,9,5,4
뚫/VV,4,3,1
품목/NNG,2,1,1
갑작/VA,6,2,4
조절/NNG,8,8,0
절대로/MAG,3,2,1
무너져서/VV,1,1,0
증대/NNG,14,11,3
각박/NNG,1,1,0
죄수의딜레마/NNG,1,1,0
연출/NNG,3,2,1
민감/NNG,15,8,7
리더십/NNG,4,3,1
다도/NNG,6,4,2
강대국/NNG,2,1,1
리더/NNG,8,5,3
살림살이/NNG,1,1,0
명분/NNG,3,2,1
버렸/VV,1,1,0
독재/NNG,5,4,1
정적/NNG,3,1,2
추방/NNG,2,2,0
드렸/VV,1,1,0
구도/NNG,3,3,0
망가/NNG,1,1,0
으리으리/NNG,1,1,0
고급/NNG,7,5,2
저택/NNG,2,2,0
변이/NNG,1,1,0
오물/NNG,1,1,0
둘러싸여/VV,1,1,0
하이힐/NNG,1,1,0
나간들/VV,1,1,0
절하/NNG,7,5,2
하방/NNG,13,6,7
압력/NNG,33,11,22
대공황/NNG,5,3,2
목도/NNG,3,2,1
무섭/VA,4,2,2
디플레이션/NNG,7,4,3
띄우/VV,2,1,1
부양/NNG,10,1,9
역진/NNG,1,1,0
불평등/NNG,7,3,4
금융자본/NNG,8,3,5
피/NNG,5,4,1
설상가상/NNG,3,1,2
교역국/NNG,1,1,0
생필품/NNG,2,1,1
역사적/VAX,13,10,3
그래왔/VV,1,1,0
실질가치/NNG,1,1,0
대체자산/NNG,5,5,0
뜨/VV,7,6,1
일어납니다/VV,1,1,0
역병/NNG,2,2,0
외부충격/NNG,2,2,0
여실히/MAG,5,4,1
자각/NNG,1,1,0
고통/NNG,4,3,1
본위/NNG,3,2,1
시민/NNG,35,24,11
창조/NNG,5,4,1
커멘트/NNG,1,1,0
실로/MAG,2,2,0
힘없/VA,1,1,0
대항/NNG,4,1,3
팍스/NNG,36,20,16
황무지/NNG,1,1,0
고생/NNG,3,2,1
감/VV,5,4,1
죄악시/NNG,2,2,0
중립/NNG,9,5,4
기원/NNG,3,3,0
저력/NNG,3,2,1
미디엄/NNG,4,4,0
이해도/NNG,2,2,0
스탠더드/NNG,4,3,1
이용료/NNG,6,6,0
이해관계자/NNG,10,7,3
아낄/VV,3,3,0
허들/NNG,1,1,0
순손실/NNG;흑자전환/NNG,1,1,0
흑자전환/NNG;성공/NNG,1,1,0
지독/NNG,2,1,1
일비/NNG,2,2,0
홀딩스/NNG,23,17,6
총액/NNG,11,6,5
심판원/NNG,2,2,0
이연/NNG,2,2,0
손익계산서/NNG,4,2,2
기업회계/NNG,2,1,1
순손실/NNG,7,1,6
흑자전환/NNG,4,2,2
일원/NNG,2,1,1
절감/NNG,14,8,6
확/NNG,7,3,4
덕/NNG,13,10,3
플러그/NNG,31,17,14
위촉/NNG,3,1,2
직속/NNG,7,5,2
명단/NNG,8,4,4
취임/NNG,6,1,5
윤/NNG,8,5,3
명과/NNG,5,3,2
당연직/NNG,1,0,1
비서실/NNG,2,0,2
좌관/NNG,2,1,1
호대/NNG,2,1,1
법학/NNG,6,2,4
부회장/NNG,13,4,9
유임/NNG,1,0,1
공동대표/NNG,14,9,5
국무총리/NNG,3,2,1
비서관/NNG,1,0,1
역임/NNG,12,6,6
체감/NNG,5,1,4
도모/NNG,11,4,7
광역시/NNG,8,2,6
백전/NNG,6,0,6
사랑/NNG,15,5,10
상품권/NNG,61,0,61
달/VA,1,0,1
구역/NNG,2,1,1
관리감독/NNG,10,3,7
충실히/MAG,1,0,1
통화정책/NNG;금융안정/NNG,2,1,1
생산성/NNG;향상/NNG,1,1,0
우려/NNG;해소/NNG,2,2,0
항만공사/NNG,7,7,0
항만/NNG,5,4,1
화물/NNG,7,4,3
부두/NNG,2,2,0
선사/NNG,4,3,1
송사/NNG,2,2,0
배차/NNG,2,2,0
출입증/NNG,3,2,1
다목/NNG,1,1,0
신항/NNG,1,1,0
북항/NNG,1,1,0
혼잡도/NNG,1,1,0
출입/NNG,2,1,1
대기/NNG,9,6,3
복화/NNG,1,1,0
선도/NNG,13,7,6
발행계획/NNG,6,4,2
신중/NNG,26,20,6
명확성/NNG,3,2,1
증진/NNG,7,6,1
유효/NNG,20,7,13
편익/NNG,4,4,0
연구팀/NNG,8,5,3
금융안정/NNG,13,8,5
발권/NNG,3,2,1
모의/NNG,7,6,1
간소/NNG,3,2,1
단축/NNG,8,6,2
상이/NNG,2,1,1
복원력/NNG,1,1,0
가처분/NNG,7,3,4
받아들인/VV,2,2,0
가처분명령/NNG,1,1,0
톤/NNG,12,8,4
명령서/NNG,1,1,0
공개시장/NNG,2,2,0
영/MAG,4,2,2
공판/NNG,1,1,0
매달리/VV,2,2,0
탄소/NNG,17,15,2
배출량/NNG,11,9,2
초석/NNG,3,3,0
기후변화/NNG,12,11,1
리눅스/NNG,3,3,0
기후/NNG,4,4,0
인디/NNG,5,2,3
그리드/NNG,4,4,0
도메인/NNG,2,2,0
파리/NNG,6,6,0
협정/NNG,8,6,2
기후변화협약당사국/NNG,1,1,0
합의문/NNG,1,1,0
기온/NNG,1,1,0
산업화/NNG,3,3,0
배출/NNG,8,7,1
간략히/MAG,2,2,0
탄소발자국/NNG,4,4,0
총량/NNG,5,4,1
뚜렷이/MAG,3,1,2
공개키/NNG,3,1,2
중식/NNG,7,2,5
열쇠고리/NNG,1,1,0
가볍/VA,4,4,0
국한/NNG,9,5,4
조던/NNG,8,7,1
공간/NNG,34,24,10
해고/NNG,18,11,7
그려낸다/VV,1,1,0
회계법인/NNG,8,4,4
꼽히/VV,9,6,3
기울이/VV,3,3,0
무작정/MAG,2,2,0
수없이/MAG,5,5,0
고위급/NNG,3,3,0
섭렵/NNG,1,1,0
다지/VV,2,2,0
콜라/NNG,2,1,1
현장/NNG,28,10,18
경기/NNG;침체/NNG,6,4,2
촉발/NNG,15,9,6
품귀/NNG,1,1,0
금과/NNG,22,17,5
골드/NNG,5,5,0
관소/NNG,3,1,2
온스/NNG,17,9,8
맞바꿀/VV,1,1,0
정착/NNG,5,4,1
연회비/NNG,1,1,0
처이/NNG,1,1,0
만이/NNG,2,2,0
상인/NNG,2,2,0
검거/NNG,2,2,0
좁혀/VV,2,2,0
수사망/NNG,2,2,0
혼선/NNG,7,5,2
치밀/NNG,2,1,1
입장료/NNG,6,4,2
방과/NNG,6,6,0
인인/NNG,2,2,0
좁혀진/VV,1,1,0
도용/NNG,10,6,4
송수신/NNG,5,3,2
건/VA,2,2,0
번방/NNG,5,2,3
경찰청/NNG,19,10,9
행적/NNG,2,2,0
허풍/NNG,1,1,0
특이/NNG,3,3,0
도한/NNG,20,14,6
수상/NNG,5,4,1
자금흐름/NNG,16,12,4
쪼개/VV,4,1,3
합치/VV,6,1,5
믹/NNG,18,17,1
사법당국/NNG,7,5,2
이체/NNG,19,12,7
컬러/NNG,2,2,0
집금/NNG,1,1,0
들어왔/VV,8,6,2
소행/NNG,4,4,0
프록시/NNG,1,1,0
유럽연합집행위원회/NNG,4,4,0
방위/NNG,3,3,0
치안/NNG,1,1,0
방위사업/NNG,1,1,0
역동/NNG,3,3,0
용도/NNG,28,17,11
소비재/NNG,2,1,1
물자/NNG,1,1,0
안들/NNG,2,2,0
만유/NNG,3,2,1
국방/NNG,5,3,2
안/VV,16,8,8
자산/NNG;넘/VV,2,2,0
채팅/NNG,8,5,3
미성년자/NNG,4,1,3
협박/NNG,8,1,7
가입비/NNG,4,4,0
차등/NNG,2,2,0
음란물/NNG,12,1,11
구했/VV,11,5,6
발각/NNG,1,1,0
재벌가/NNG,1,1,0
딥웹/NNG,1,1,0
총기/NNG,5,1,4
긴장/NNG,5,5,0
특유/NNG,6,4,2
징검다리/NNG,1,1,0
갈취/NNG,3,3,0
연속/NNG,37,20,17
역외/NNG,12,8,4
다면/NNG,1,1,0
추적자/NNG,2,2,0
몫/NNG,8,6,2
추려/VV,2,2,0
클러스터/NNG,10,3,7
라벨/NNG,3,3,0
미처/MAG,1,1,0
찾아낼/VV,4,2,2
찾아낸/VV,1,1,0
거래패턴/NNG,3,2,1
수금/NNG,2,2,0
취약점/NNG,11,9,2
무력화/NNG,6,3,3
왕왕/MAG,1,1,0
고액권/NNG,1,1,0
지폐/NNG,9,8,1
은닉/NNG,4,4,0
양면/NNG,2,2,0
드러날/VV,3,1,2
쓰임새/NNG,2,1,1
수명/NNG,1,1,0
완한/NNG,1,1,0
방패/NNG,2,2,0
싸움/NNG,12,12,0
금속/NNG,1,1,0
련/NNG,2,2,0
터부시/NNG,1,1,0
열매/NNG,7,4,3
복지/NNG,9,5,4
금회/NNG,2,2,0
따뜻/NNG,2,2,0
자립/NNG,2,1,1
상응/NNG,5,5,0
벌집/NNG,10,2,8
시선/NNG,7,7,0
물음/NNG,6,1,5
유한회사/NNG,8,4,4
힘쓸/VV,1,1,0
돈/NNG;가격/NNG;떨어/VV,1,0,1
인플레이션/NNG;위험/NNG,2,1,1
물가/NNG;오르/VV,2,1,1
현금/NNG;줄/VV,2,1,1
유행/NNG,9,3,6
편적/NNG,16,6,10
기본소득/NNG,14,0,14
지킬/VV,9,7,2
실무/NNG,5,3,2
이렇/VA,21,11,10
치/VV,27,20,7
나선다/VV,11,6,5
옮겨서/VV,1,0,1
용역/NNG,11,9,2
벌어진다/VV,1,0,1
논거/NNG,2,1,1
정책수단/NNG,1,0,1
직시/NNG,1,0,1
만든다고/VV,1,0,1
출구전략/NNG,3,0,3
명문화/NNG,3,1,2
재난/NNG,22,15,7
짜/VV,7,3,4
강연자/NNG,1,0,1
곱/NNG,1,0,1
뿌리/VV,2,1,1
살포/NNG,2,1,1
위험/NNG;늘/VV,1,1,0
가격/NNG;작/VA,2,1,1
금융감독당국/NNG,1,1,0
금융협회/NNG,5,3,2
근심거리/NNG,1,1,0
도피/NNG,4,4,0
걸으며/VV,1,1,0
샘플/NNG,1,1,0
종/NNG,91,71,20
턴오버/NNG,2,2,0
부풀려/VV,5,4,1
복/NNG,17,9,8
가져간다/VV,2,2,0
닫/VV,11,7,4
레버리지/NNG,43,15,28
회수/NNG,13,8,5
범인/NNG,5,2,3
수사관/NNG,3,0,3
도청/NNG,4,0,4
미행/NNG,5,1,4
다니/VV,12,7,5
패킷/NNG,2,0,2
적힌/VV,10,4,6
들여다봄/VV,1,0,1
알아낼/VV,4,1,3
돌아다닌/VV,1,0,1
종단/NNG,3,0,3
본디/MAG,1,0,1
송신자/NNG,6,3,3
수신자/NNG,13,5,8
하지/NNG,2,0,2
멀티/NNG,13,8,5
용량/NNG,6,2,4
영장/NNG,3,0,3
발부/NNG,3,0,3
압수/NNG,12,9,3
들여다볼/VV,2,0,2
도착/NNG,7,4,3
복호화/NNG,2,0,2
키/VV,2,1,1
가로채/VV,2,1,1
뒤지/VV,1,0,1
암호문/NNG,2,0,2
고문헌/NNG,5,0,5
따돌리/VV,2,1,1
목적지/NNG,8,6,2
이리저리/MAG,4,1,3
엉뚱/NNG,3,2,1
일컬/VV,1,0,1
전자메일/NNG,3,2,1
봉투/NNG,17,0,17
뜯어볼/VV,1,0,1
마법/NNG,3,0,3
돌돌/MAG,1,0,1
싸맨/VV,1,0,1
인형/NNG,5,1,4
칭하/VV,3,2,1
은밀/NNG,2,0,2
집어넣/VV,4,3,1
냅니다/VV,2,0,2
수신/NNG,26,17,9
뜯/VV,3,0,3
수신인/NNG,4,2,2
경유/NNG,7,6,1
양파/NNG,1,0,1
벗기/VV,1,0,1
벗겨/VV,1,0,1
토어/NNG,3,1,2
본디/NNG,1,0,1
참으로/MAG,3,0,3
아이러니/NNG,9,5,4
필자/NNG,8,3,5
인지도/NNG,8,7,1
이뤄졌으며/VV,1,1,0
구두/NNG,1,1,0
신뢰도/NNG,12,6,6
투자계획/NNG,3,1,2
식회/NNG,19,3,16
현금흐름/NNG,1,1,0
손꼽/VV,2,2,0
탐/NNG,7,2,5
명실상부/NNG,1,1,0
몸값/NNG,3,1,2
들였/VV,3,2,1
털어놨/VV,2,1,1
물러날/VV,1,1,0
찬/NNG,7,7,0
매각/NNG,18,15,3
찾아온/VV,7,3,4
콜리/NNG,2,1,1
성비/NNG,1,1,0
편중/NNG,4,1,3
스톡옵션/NNG,1,1,0
엇갈리/VV,8,7,1
각서/NNG,1,1,0
인수금액/NNG,3,3,0
수익창출/NNG,4,3,1
소중/NNG,4,3,1
새해/NNG,4,4,0
슬쩍/MAG,1,1,0
슬로건/NNG,2,1,1
검색/NNG,18,9,9
끌린/VV,1,1,0
서클/NNG,16,14,2
분사/NNG,3,3,0
우여곡절/NNG,1,1,0
신생/NNG,10,5,5
빼앗/VV,3,3,0
동종/NNG,1,1,0
우위/NNG,12,7,5
점할/VV,2,1,1
라이/NNG,2,1,1
독립성/NNG,4,3,1
주/VV,7,5,2
양사/NNG,14,9,5
솔직히/MAG,7,4,3
인류/NNG,11,8,3
틀렸으면/VV,1,1,0
실리콘밸리/NNG,10,9,1
치일/VV,1,1,0
바닥/NNG,11,6,5
소식통/NNG,10,9,1
그럼에도/VA,22,9,13
딱히/MAG,3,1,2
빼낼/VV,1,1,0
양질/NNG,5,4,1
좋아하/VV,8,8,0
털어놓/VV,1,1,0
물거품/NNG,3,2,1
이어가기/NNG,3,2,1
차/VA,1,1,0
정성/NNG,1,1,0
정량/NNG,3,2,1
팀원/NNG,9,5,4
메/NNG,8,4,4
사리/NNG,12,4,8
키스/NNG,6,5,1
운신/NNG,1,1,0
희소식/NNG,4,2,2
델파이/NNG,9,7,2
성급/NNG,2,2,0
사업계획/NNG,4,2,2
차/VV,22,15,7
문직/NNG,1,1,0
전원/NNG,4,3,1
사업체/NNG,7,5,2
광고비/NNG,1,1,0
챙기/VV,3,2,1
붙잡/VV,4,3,1
휴식/NNG,1,1,0
심정/NNG,1,1,0
음성/NNG,9,6,3
악명/NNG,3,2,1
소만/NNG,3,2,1
화젯거리/NNG,1,1,0
채굴량/NNG,6,3,3
수취인/NNG,14,10,4
송금인/NNG,10,6,4
탁과/NNG,8,8,0
공감대/NNG,6,4,2
선행/NNG,6,4,2
들여와/VV,1,1,0
고한/VV,2,1,1
원천/NNG,9,5,4
엄정/NNG,2,1,1
가해자/NNG,1,1,0
엄벌/NNG,1,1,0
처해야/VV,1,1,0
중한/VA,1,1,0
신상/NNG,1,1,0
재차/MAG,11,8,3
르/NNG,13,7,6
비아/NNG,1,0,1
배선/NNG,1,0,1
선하증권/NNG,4,0,4
프라/NNG,1,0,1
판매사/NNG,3,0,3
매사/NNG,1,0,1
신용장/NNG,1,0,1
비서/NNG,5,1,4
신종/NNG,1,0,1
서핑/NNG,1,0,1
어택/NNG,1,0,1
들리/VV,11,3,8
초음파/NNG,5,0,5
시리/NNG,1,0,1
음성인식/NNG,4,0,4
링/NNG,7,5,2
온도/NNG,3,1,2
두께/NNG,1,0,1
물체/NNG,1,0,1
탁상/NNG,1,0,1
표적/NNG,2,1,1
현관문/NNG,1,0,1
잠금장치/NNG,1,0,1
이중인증/NNG,3,1,2
빨간불이/VA,1,0,1
켜졌/VV,1,0,1
변환기/NNG,2,0,2
압/NNG,2,1,1
침투/NNG,2,1,1
씌워/VV,1,0,1
전선/NNG,2,0,2
힘겹/VA,3,2,1
싸우/VV,6,4,2
응급/NNG,8,0,8
의료진/NNG,4,1,3
재해/NNG,1,0,1
헬퍼/NNG,2,0,2
적십자/NNG,2,0,2
선별/NNG,6,5,1
진료/NNG,2,0,2
근처/NNG,8,3,5
돌/NNG,26,15,11
건립/NNG,3,1,2
꺾기/NNG,1,0,1
모금/NNG,24,16,8
환자/NNG,14,1,13
판별/NNG,3,2,1
진단/NNG,26,7,19
거점/NNG,2,0,2
손꼽힌다/VV,4,3,1
국면/NNG,7,3,4
지나가/VV,5,3,2
섞인/VV,3,0,3
운동/NNG,7,4,3
사흘/NNG,3,1,2
의료품/NNG,1,0,1
국영/NNG,11,8,3
통관/NNG,6,0,6
선적/NNG,3,1,2
맞췄/VV,4,0,4
운송인/NNG,3,0,3
운송장/NNG,3,0,3
무역거래/NNG,1,0,1
지체/NNG,2,1,1
선창/NNG,1,0,1
램/NNG,1,0,1
차방/NNG,1,0,1
항구/NNG,1,0,1
해운회사/NNG,1,0,1
꾸려/VV,4,2,2
차체/NNG,1,0,1
조립/NNG,3,2,1
위험/NNG;경고/NNG,3,2,1
매출/NNG;증가/NNG,2,1,1
매출/NNG;상승/NNG,1,0,1
매출/NNG;늘/VV,3,1,2
선관위/NNG,1,0,1
산술/NNG,2,1,1
직원수/NNG,2,1,1
도크/NNG,9,6,3
급여/NNG,7,1,6
복리후생비/NNG,1,0,1
대손비용/NNG,3,0,3
판명/NNG,1,0,1
영업외비용/NNG,1,0,1
대여금/NNG,1,0,1
비매/NNG,1,0,1
출채/NNG,1,0,1
들어간다/VV,1,0,1
관중/NNG,1,0,1
아트/NNG,55,29,26
미술품/NNG,11,4,7
분할소유권/NNG,1,0,1
플레이스/NNG,7,6,1
블로/NNG,17,7,10
인스트/NNG,5,0,5
기술기업/NNG,16,10,6
싸인/VV,2,0,2
정형/NNG,1,0,1
효력/NNG,9,7,2
갖출/VV,2,1,1
지석/NNG,1,0,1
이뤄지며/VV,1,0,1
발송/NNG,6,2,4
애쓰/VV,2,0,2
강타/NNG,2,1,1
시프트/NNG,1,0,1
붙/VV,19,11,8
로차/NNG,1,0,1
미식축구/NNG,1,0,1
러셀/NNG,3,0,3
쿵/NNG,1,0,1
고용/NNG;안정/NNG,1,0,1
위험/NNG;높/VA,8,5,3
정지/NNG,31,7,24
이튿날/NNG,4,2,2
몰랐다/VV,2,0,2
대리인/NNG,2,0,2
채무자/NNG,6,4,2
움/NNG,15,13,2
부당/NNG,12,5,7
청한다/VV,3,1,2
추경안/NNG,2,0,2
지원금/NNG,19,12,7
국무회의/NNG,5,1,4
이겨/VV,2,1,1
위로/NNG,2,1,1
헌정/NNG,1,0,1
예비타당성조사/NNG,1,0,1
유종/NNG,1,0,1
드린다/VV,2,1,1
방역/NNG,23,19,4
유감없이/MAG,1,0,1
위기극복/NNG,1,0,1
키워왔/VV,1,0,1
특단/NNG,2,0,2
전방위/NNG,3,1,2
밀려오/VV,1,0,1
전대미문/NNG,1,0,1
더하/VA,1,0,1
각오/NNG,1,0,1
결단/NNG,3,1,2
하다/NNG,2,0,2
전화위복/NNG,1,0,1
급부상/NNG,4,1,3
질서/NNG,6,3,3
재편/NNG,9,4,5
아틀라스/NNG,1,0,1
운용사/NNG,3,1,2
긴급지원/NNG,1,0,1
자영업자/NNG,3,0,3
소상공인/NNG,15,9,6
페이팔/NNG,87,55,32
게시판/NNG,10,6,4
완적/NNG,5,4,1
일례/NNG,11,6,5
적절히/MAG,4,2,2
유연/NNG,9,3,6
버지/NNG,4,3,1
투자유의종목/NNG,10,6,4
중지/NNG,6,4,2
불거지/VV,7,4,3
대화방/NNG,1,0,1
구속/NNG,5,2,3
환/NNG,2,0,2
이동평균/NNG,33,11,22
오래가/VV,1,0,1
억/NNG,1,0,1
루/NNG,12,7,5
노/NNG,2,1,1
부양책/NNG,10,6,4
다우/NNG,1,0,1
상관관계/NNG,33,17,16
신념/NNG,5,3,2
기술적분석/NNG,20,7,13
랠리/NNG,7,3,4
기력/NNG,1,0,1
바닥난/VV,1,0,1
학군/NNG,1,0,1
산소/NNG,1,0,1
따라가/VV,4,1,3
일선/NNG,5,2,3
검사소/NNG,2,1,1
의료장비/NNG,2,0,2
생산능력/NNG,2,0,2
닥치/VV,2,1,1
완수/NNG,1,0,1
불일치/NNG,1,0,1
원자재/NNG,3,1,2
운송비/NNG,2,0,2
구재/NNG,1,0,1
지지부진/NNG,2,1,1
장애물/NNG,8,5,3
재산권/NNG,5,0,5
년대말/NNG,3,0,3
디지털화/NNG,22,12,10
선뜻/MAG,3,0,3
아이팟/NNG,1,0,1
당했으나/VV,1,0,1
받아들여진/VV,1,0,1
포맷/NNG,1,0,1
저지/NNG,7,6,1
지식재산권/NNG,2,1,1
조화/NNG,4,1,3
평시/NNG,2,1,1
적시/NNG,5,4,1
올지/VV,3,1,2
아직/MAG;알려/VV;지지/NNG;않/VX,2,2,0
유출/NNG;우려/NNG;않/VX,1,1,0
안정성/NNG;높/VA,1,1,0
많/VA;지지/NNG,2,1,1
억/MAG,9,5,4
공동개발/NNG,3,1,2
반경/NNG,1,1,0
간단히/MAG,4,1,3
존중/NNG,7,7,0
기쁜/VA,1,1,0
굉장/NNG,2,2,0
진일/NNG,1,1,0
공중/NNG,8,5,3
스토어/NNG,18,15,3
방책/NNG,2,1,1
효용/NNG,11,7,4
한지/NNG,2,2,0
기적/NNG,6,6,0
표한/VV,1,1,0
숨김없이/MAG,1,1,0
건/VV,7,4,3
현시점/NNG,5,5,0
해체/NNG,2,1,1
그만/NNG,2,2,0
검사/NNG,21,9,12
테르/NNG,3,3,0
수의/NNG,1,1,0
호/VV,3,3,0
떠올리/VV,5,4,1
높/MAG,6,5,1
공언/NNG,2,2,0
트릭스/NNG,1,1,0
지냈/VV,4,2,2
양성/NNG,9,2,7
벽/NNG,2,2,0
어린아이/NNG,1,1,0
자유도/NNG,2,1,1
속박/NNG,1,1,0
가격/NNG;오르/VV;않/VX,1,0,1
가격/NNG;마이너스/NNG,1,0,1
유가/NNG;하락/NNG,2,1,1
플라이/NNG,23,19,4
메이커/NNG,44,29,15
쿼크/NNG,4,1,3
큐/NNG,2,0,2
포켓/NNG,3,0,3
큐/MAG,1,0,1
다이/NNG,13,9,4
오아시스/NNG,5,4,1
연료/NNG,13,6,7
공포/NNG,21,13,8
짜릿/NNG,2,0,2
석유기업/NNG,3,0,3
추출/NNG,4,1,3
부생/NNG,9,0,9
태워/VV,2,0,2
없앤다/VV,1,0,1
업스트림/NNG,1,0,1
크루소/NNG,1,0,1
처하/VV,1,0,1
살아남/VV,35,17,18
포집/NNG,1,0,1
부지/NNG,3,0,3
메가와트/NNG,2,1,1
골치/NNG,1,0,1
벤트/NNG,1,0,1
수백/NNG,1,0,1
좌초/NNG,3,2,1
미/NNG;국채/NNG;가격/NNG;상승/NNG,1,1,0
가격/NNG;소폭/MAG;상승/NNG,2,2,0
경기/NNG;침체/NNG;우려/NNG,1,1,0
위험/NNG;가능성/NNG;높/VA,1,1,0
연쇄/NNG;도산/NNG,1,1,0
도산/NNG;위험/NNG,1,1,0
은행/NNG;위험/NNG,2,1,1
여진/NNG,2,2,0
여일/NNG,4,3,1
인도분/NNG,4,4,0
서부텍사스산원유/NNG,1,1,0
배럴/NNG,7,7,0
장중/NNG,2,2,0
최저가/NNG,3,1,2
다우존스산업평균지수/NNG,12,9,3
브렌트유/NNG,2,2,0
연쇄/NNG,8,7,1
금값/NNG,3,2,1
피처/NNG,6,5,1
낙관론/NNG,10,9,1
반토막/NNG,4,3,1
저유가/NNG,1,1,0
생산원가/NNG,2,2,0
되풀이/NNG,3,2,1
위대/NNG,1,1,0
전해질/VV,1,1,0
지원계획/NNG,2,2,0
일컫/VV,8,5,3
버린/VV,1,1,0
떠들썩/NNG,3,2,1
일당/NNG,4,4,0
정황/NNG,10,6,4
포착/NNG,17,16,1
어둠/NNG,1,1,0
엄연/NNG,2,1,1
믹서/NNG,3,3,0
싱에/NNG,1,1,0
숨길/VV,2,1,1
권고안/NNG,10,6,4
저물/VV,3,2,1
장외/NNG,6,5,1
로컬/NNG,8,8,0
섞/VV,1,1,0
한국어/NNG,9,4,5
닷/NNG,14,11,3
사용자계정/NNG,3,2,1
우대/NNG,4,3,1
달라지/VA,9,5,4
트래블/NNG,68,41,27
룰/NNG,71,43,28
전신송금/NNG,5,4,1
송신인/NNG,1,1,0
담겨/VV,5,5,0
수정안/NNG,2,2,0
태스크포스/NNG,10,7,3
연다/VV,4,3,1
수렴/NNG,15,11,4
전문가그룹/NNG,1,1,0
인가/NNG,17,10,7
산업협회/NNG,4,2,2
가상계좌/NNG,6,5,1
청취/NNG,4,3,1
빈씨/NNG,1,1,0
금법/NNG,11,6,5
입안/NNG,3,3,0
긴밀히/MAG,6,6,0
부대/NNG,5,3,2
입성/NNG,3,2,1
옹호/NNG,14,10,4
사생활/NNG,4,2,2
귀한/VA,2,2,0
토끼/NNG,9,9,0
날짜/NNG,8,7,1
사망률/NNG,1,1,0
패배/NNG,2,1,1
의적/NNG,7,5,2
갖춰져/VV,3,1,2
호에/NNG,6,5,1
찾아냈/VV,3,2,1
역학자/NNG,1,1,0
팬데믹/NNG,32,22,10
괴짜/NNG,1,1,0
치부/NNG,2,1,1
변해야/VV,1,1,0
자기/NNG,2,2,0
다행히/MAG,8,2,6
폭발/NNG,20,9,11
바람/NNG,6,5,1
부수/NNG,2,1,1
깊숙이/MAG,2,2,0
아우르/VV,5,3,2
염력/NNG,1,1,0
스크리닝/NNG,1,1,0
기치/NNG,2,1,1
운/VV,10,6,4
한했/VV,1,1,0
헤리티지재단/NNG,2,2,0
됐으며/VV,10,5,5
서구/NNG,20,4,16
근접/NNG,14,4,10
기대/VV,1,1,0
차치/NNG,1,1,0
장국/NNG,1,1,0
프리즘/NNG,3,2,1
게이트키퍼/NNG,2,1,1
티어/NNG,1,1,0
역부족/NNG,2,1,1
맡기/VV,12,6,6
처했/VV,2,2,0
연구진/NNG,4,2,2
속속/MAG,10,5,5
호되/VA,3,3,0
형국/NNG,3,2,1
생겨났으며/VV,2,1,1
재귀/NNG,2,2,0
동형/NNG,1,1,0
다자간/NNG,5,3,2
반암/NNG,1,1,0
호화/NNG,2,2,0
정실/NNG,2,2,0
신속히/MAG,4,2,2
걸려/VV,4,3,1
예기/NNG,3,3,0
그래프/NNG,32,21,11
어로/NNG,1,1,0
지출/NNG;줄/VV,1,1,0
일류/NNG,1,1,0
신선/NNG,2,2,0
채소/NNG,4,4,0
군/NNG,4,3,1
안전성/NNG,19,18,1
선진/NNG,3,3,0
과일/NNG,2,2,0
오염/NNG,4,4,0
역추적/NNG,1,1,0
리콜사태/NNG,1,1,0
가게/NNG,1,1,0
진열대/NNG,1,1,0
여정/NNG,4,3,1
포장/NNG,5,4,1
스캔/NNG,7,6,1
샐러드/NNG,2,2,0
휴사/NNG,2,2,0
밑받침/NNG,1,1,0
가져다줄/VV,4,2,2
푸르/VA,4,4,0
잎/NNG,2,1,1
줄기채소/NNG,1,1,0
앞장섰/VV,2,2,0
데이트/NNG,21,20,1
야심/NNG,5,2,3
개혁/NNG,9,4,5
발개위/NNG,2,2,0
여러모로/MAG,5,3,2
판하/NNG,1,1,0
명도/NNG,1,1,0
지정학/NNG,4,3,1
일대일로/NNG,5,4,1
버금간다/VV,1,1,0
대륙/NNG,5,4,1
놓치/VV,10,6,4
일념/NNG,1,1,0
진정한/VA,4,3,1
무수히/MAG,3,3,0
닮/VV,2,2,0
최대한/MAG,7,5,2
미공개/NNG,4,3,1
겹겹이/MAG,1,1,0
쌓여/VV,3,1,2
통일/NNG,4,2,2
고르/VV,6,4,2
리타/NNG,1,1,0
이리/MAG,2,2,0
텐더/NNG,4,2,2
민트/NNG,5,3,2
커뮤니케이션프로토콜/NNG,1,1,0
나아가/VV,25,13,12
서술/NNG,1,1,0
시티즌/NNG,7,6,1
급했/VA,2,1,1
공과금/NNG,1,1,0
힘써왔/VV,1,1,0
후방/NNG,1,1,0
치차/NNG,1,1,0
개/VV,5,3,2
꼼꼼/NNG,1,1,0
들여다본다/VV,1,1,0
양대/NNG,2,2,0
의기투합/NNG,1,1,0
그리/VV,13,12,1
개발비/NNG,2,2,0
든다/VV,11,7,4
사양/NNG,6,5,1
할당/NNG,4,2,2
닝샤후이/NNG,1,1,0
족/NNG,2,1,1
자치구/NNG,10,6,4
기념식/NNG,2,2,0
초청/NNG,2,2,0
플러그인/NNG,6,5,1
기업명/NNG,1,1,0
넘나들/VV,4,3,1
생겨날/VV,2,2,0
경쟁업체/NNG,1,1,0
걸린다/VV,4,2,2
시중/NNG;유동성/NNG;증가/NNG,1,1,0
중단/NNG;상승/NNG,1,1,0
공급/NNG;개선/NNG,1,1,0
대국민/NNG,3,2,1
소토/NNG,5,5,0
발신인/NNG,4,4,0
칸나/NNG,2,1,1
강력히/MAG,4,2,2
기업가/NNG,6,6,0
구호/NNG,1,1,0
맞닥뜨리/VV,1,1,0
와도/VV,4,4,0
끔찍/NNG,5,3,2
기술혁신/NNG,6,5,1
상했/VV,1,1,0
탁월/NNG,1,1,0
업적/NNG,6,5,1
수여/NNG,2,1,1
트리/NNG,23,17,6
룽/NNG,2,2,0
되살릴/VV,1,1,0
비정부기구/NNG,1,1,0
회복력/NNG,5,5,0
상호운용성/NNG,7,3,4
체크/NNG,5,4,1
설명문/NNG,1,1,0
동형암호/NNG,2,1,1
접/NNG,2,2,0
근통/NNG,1,1,0
해싱/NNG,2,1,1
광범위/NNG,24,16,8
청할/VV,2,2,0
일동/NNG,2,1,1
초토/NNG,1,1,0
고심/NNG,5,4,1
양태/NNG,1,1,0
만병통치약/NNG,2,1,1
유행병/NNG,1,1,0
틈타/VV,2,1,1
낭비/NNG,11,7,4
흐지부지/MAG,1,1,0
선책/NNG,1,1,0
무결성/NNG,1,1,0
중점/NNG,13,8,5
기다림/VV,1,1,0
재계/NNG,1,1,0
교훈/NNG,11,7,4
민관/NNG,5,4,1
섹션/NNG,4,2,2
할애/NNG,3,2,1
던져/VV,1,1,0
진심/NNG,2,2,0
연다고/VV,4,3,1
전통시장/NNG,18,12,6
픽스/NNG,3,1,2
소비/NNG;증가/NNG,2,2,0
에퀴/NNG,4,4,0
네트/NNG,2,1,1
봐/VV,2,2,0
통/VV,7,5,2
태양열/NNG,2,1,1
재생/NNG,4,2,2
에너지원/NNG,12,10,2
난점/NNG,2,1,1
자꾸/MAG,2,1,1
저감/NNG,1,1,0
가급적/VAX,4,3,1
재생에너지/NNG,3,2,1
전력량/NNG,3,1,2
맞춰야/VV,3,3,0
전기차/NNG,11,10,1
대단위/NNG,1,1,0
여유/NNG,7,3,4
킬로와트/NNG,3,3,0
유지비/NNG,1,1,0
종국/NNG,3,1,2
공공선/NNG,6,5,1
고회/NNG,2,2,0
공공기관/NNG,6,2,4
사업비/NNG,2,2,0
매칭펀드/NNG,2,2,0
농촌/NNG,1,1,0
흥청/NNG,1,1,0
노지/NNG,2,1,1
작물/NNG,1,1,0
띈다/VV,8,5,3
저/NNG,2,2,0
건복/NNG,2,1,1
메타/NNG,38,12,26
인명/NNG,1,1,0
행자/NNG,1,1,0
동차/NNG,1,1,0
상수도/NNG,1,1,0
수질/NNG,1,1,0
인텔리/NNG,1,1,0
운행/NNG,1,1,0
계약자/NNG,1,1,0
본부/NNG,5,4,1
열람/NNG,2,2,0
가속/NNG,25,17,8
안점/NNG,5,4,1
둔다/VV,1,1,0
구애/NNG,1,1,0
넘/MAG,1,1,0
피/VV,21,16,5
휴먼/NNG,1,1,0
콜/NNG,12,6,6
아이리스/NNG,3,3,0
노던/NNG,1,1,0
평등/NNG,1,1,0
끼어드/VV,1,1,0
브리티시/NNG,1,1,0
축/NNG,3,3,0
일터/NNG,2,2,0
수료/NNG,2,1,1
존/VA,2,2,0
접근방법/NNG,8,6,2
한다며/VV,2,1,1
우체국/NNG,3,3,0
깊/VA,12,10,2
깔려/VV,2,1,1
브랜드가치/NNG,1,1,0
댄/VV,2,1,1
솔/NNG,7,5,2
왕도/NNG,1,1,0
교본/NNG,1,1,0
공산당/NNG,4,4,0
정치국/NNG,1,1,0
집체/NNG,1,1,0
일장/NNG,1,1,0
도할/NNG,3,3,0
에서/MAG,11,6,5
입맛/NNG,1,1,0
손길/NNG,2,1,1
손짓/NNG,1,1,0
모양새/NNG,13,7,6
불/NNG,12,11,1
뺏/VV,2,2,0
선회/NNG,3,2,1
무마/NNG,1,1,0
성공리/NNG,2,2,0
논문/NNG,13,11,2
줄기/NNG,4,1,3
fed/NNG;대차대조표/NNG;확대/NNG,2,1,1
소비자/NNG;물가/NNG;상승/NNG,2,1,1
자산/NNG;가격/NNG;상승/NNG,8,3,5
자산/NNG;가격/NNG;오르/VV,2,0,2
자국/NNG;통화/NNG;떨어/VV,1,0,1
소비/NNG;지출/NNG;늘/VV,1,0,1
디플레이션/NNG;위험/NNG,1,0,1
인플레이션/NNG;감소/NNG,1,0,1
통화정책/NNG;실패/NNG,1,0,1
투자/NNG;활성화/NNG,1,0,1
fed/NNG;완화/NNG,3,0,3
경기/NNG;부양/NNG,5,0,5
부도/NNG;위험/NNG,1,0,1
적자/NNG;위험/NNG,1,0,1
위기/NNG;상승/NNG,1,0,1
기업/NNG;성장/NNG,3,2,1
최고가/NNG;넘/VV,1,0,1
소득/NNG;줄/VV,1,0,1
가격/NNG;낮/VA,3,0,3
공급/NNG;늘/VV,2,1,1
자금/NNG;쏟/VV,1,0,1
추진단/NNG,1,0,1
모태펀드/NNG,2,0,2
벤/VV,5,4,1
처부/NNG,1,0,1
뉴/NNG,13,3,10
결성/NNG,2,0,2
동남/NNG,1,0,1
부울/VV,1,0,1
벤처기업/NNG,4,2,2
산업별/NNG,1,0,1
중기부/NNG,4,3,1
지역기업/NNG,1,0,1
해외진출/NNG,4,3,1
테크노파크/NNG,2,0,2
전초/NNG,1,0,1
기지/NNG,1,0,1
사후관리/NNG,1,0,1
지날/VV,1,0,1
압류/NNG,21,15,6
달했으며/VV,1,0,1
긴축/NNG,5,1,4
낙찰가/NNG,1,0,1
놀랐/VV,3,1,2
팔린/VV,4,2,2
절규/NNG,1,0,1
누드/NNG,2,0,2
녹색/NNG,4,3,1
상반신/NNG,1,0,1
가파르/VA,15,7,8
적인/NNG,1,0,1
진귀/NNG,3,0,3
천정부지/NNG,2,1,1
혹독/NNG,3,2,1
무/NNG,2,1,1
들여/VV,4,1,3
하이일드/NNG,2,1,1
모조리/MAG,1,0,1
도사리/VV,1,0,1
피시/NNG,5,1,4
브레이크/NNG,3,1,2
구매력/NNG,5,2,3
떨어질까봐/VV,1,0,1
작품/NNG,128,74,54
부유층/NNG,3,0,3
향유/NNG,1,0,1
행기/NNG,1,0,1
새겨야/VV,1,0,1
논해/VV,1,0,1
작금/NNG,1,0,1
나뉘/VV,4,2,2
부유/NNG,5,1,4
자본가/NNG,1,0,1
박탈/NNG,2,0,2
추종/NNG,8,5,3
고장/NNG,3,1,2
갇혀/VV,6,1,5
신용시장/NNG,1,0,1
닥칠/VV,1,0,1
절상/NNG,1,0,1
겁/NNG,4,2,2
마진콜/NNG,4,2,2
유입자금/NNG,1,0,1
간다/VV,3,1,2
금융자금/NNG,1,0,1
수집가/NNG,8,6,2
자산군/NNG,8,3,5
예술품/NNG,8,2,6
환매/NNG,3,2,1
희소성/NNG,30,18,12
통조림/NNG,1,0,1
수프/NNG,1,0,1
다량/NNG,6,3,3
화려/NNG,2,1,1
사치품/NNG,1,0,1
붙일/VV,1,0,1
들릴/VV,3,1,2
양적/VAX,2,0,2
급기야/MAG,3,2,1
목전/NNG,2,0,2
띤다/VV,2,0,2
리언/NNG,2,1,1
지닌다/VV,8,4,4
거물/NNG,4,2,2
낙찰자/NNG,5,1,4
리먼브라더스사태/NNG,3,2,1
수습/NNG,2,1,1
가히/MAG,1,0,1
천문학/NNG,7,5,2
레이팅/NNG,11,5,6
양현/NNG,1,0,1
코코/NNG,1,0,1
벤처캐피털/NNG,18,13,5
전략적투자/NNG,4,2,2
투자금액/NNG,6,2,4
미디어그룹/NNG,2,1,1
디지털금융/NNG,12,7,5
전시관/NNG,5,2,3
순차/NNG,7,4,3
박람회/NNG,10,3,7
용설/NNG,2,0,2
명회/NNG,2,0,2
레그/NNG,5,1,4
산업/NNG;경쟁력/NNG;높/VV,1,1,0
투자유의/NNG,2,1,1
액정/NNG,1,1,0
강도높게/MAG,1,1,0
용인/NNG,5,3,2
정안/NNG,8,3,5
신산업/NNG,4,3,1
과방/NNG,3,3,0
입법조사처/NNG,2,2,0
사관/NNG,1,1,0
급감/NNG,9,9,0
벌였/VV,4,4,0
곤두박질친/VV,2,2,0
갈아탄/VV,2,2,0
벌어질/VV,6,2,4
유하/VA,6,5,1
스위치/NNG,3,3,0
직접/MAG;부담/NNG,1,1,0
자신/NNG;좋/VA,2,1,1
평판/NNG,6,4,2
모을/VV,5,4,1
배지/NNG,2,2,0
팁/NNG,5,4,1
온전/NNG,1,1,0
잔여/NNG,3,2,1
백업/NNG,1,1,0
도리/NNG,1,1,0
베타/NNG,6,2,4
안정성/NNG;개선/NNG,3,1,2
변동성/NNG;높/VV,1,0,1
피소/NNG,5,1,4
글로벌트레이딩/NNG,5,1,4
부패/NNG,1,0,1
조직범죄/NNG,1,0,1
시드/NNG,24,12,12
악셀/NNG,3,0,3
척결/NNG,1,0,1
구로/NNG,1,0,1
어마어마/NNG,7,5,2
한마디/NNG,9,4,5
다크풀/NNG,1,0,1
순진/NNG,2,0,2
헐/VV,1,0,1
치우/VV,1,0,1
행태/NNG,7,6,1
고질/NNG,9,2,7
악습/NNG,1,0,1
고객사/NNG,9,6,3
쓰일까/VV,1,0,1
신상품/NNG,1,0,1
크런치/NNG,1,0,1
운용자산/NNG,11,2,9
넓힐/VV,2,0,2
전임/NNG,3,2,1
거친/VV,9,5,4
준법감시/NNG,4,1,3
권익/NNG,3,0,3
만전/NNG,2,0,2
직과/NNG,1,0,1
홍익/NNG,1,0,1
시스템공학/NNG,1,0,1
융합/NNG,10,3,7
챌린지/NNG,6,2,4
법인설립/NNG,3,2,1
선발/NNG,13,11,2
멘토링/NNG,5,3,2
네트워킹/NNG,4,1,3
근간/NNG,4,1,3
책임감/NNG,1,0,1
사명감/NNG,1,0,1
우려/NNG;목소리/NNG;높/VA,1,0,1
금융시장/NNG;강화/NNG,1,0,1
교역/NNG;활성화/NNG,1,0,1
시스템/NNG;확충/NNG,1,0,1
잠재/NNG;위험/NNG,2,1,1
연례/NNG,6,3,3
쿼/NNG,7,2,5
인민정치협상회의/NNG,1,0,1
협/NNG,7,2,5
선난/NNG,5,0,5
펑/MAG,5,1,4
특별인출권/NNG,1,0,1
틀/VV,2,1,1
테마섹/NNG,1,0,1
국유기업/NNG,2,0,2
사무총장/NNG,2,0,2
탕/MAG,1,0,1
쑹/NNG,1,0,1
차오/NNG,1,0,1
국정/NNG,3,0,3
쉔/VV,1,0,1
중정/NNG,2,0,2
체로/NNG,2,0,2
전국인민대표대회/NNG,1,0,1
전인대/NNG,2,0,2
모기업/NNG,3,1,2
플럭스/NNG,1,0,1
준비금/NNG,8,7,1
맡겨야/VV,1,0,1
충지/NNG,1,0,1
인피/NNG,2,0,2
증권감독관리위원회/NNG,2,1,1
독려/NNG,8,4,4
휴면/NNG,5,2,3
깨어나/VV,2,0,2
정말로/MAG,2,0,2
잠자/VV,3,2,1
들썩였/VV,2,0,2
소동/NNG,4,1,3
연구자/NNG,5,2,3
창시/NNG,2,1,1
잃어버렸/VV,1,0,1
영원히/MAG,9,5,4
소실/NNG,1,0,1
계산법/NNG,2,0,2
비활성/NNG,2,1,1
깊숙/NNG,1,0,1
닥칠지/VV,2,0,2
칼/NNG,6,3,3
항시/MAG,1,0,1
지오/NNG,1,0,1
레/NNG,20,10,10
너/VV,1,0,1
해시값/NNG,4,0,4
추측/NNG,13,6,7
논/NNG,2,1,1
시장가치/NNG,8,4,4
조인/VV,4,3,1
조인/NNG,4,3,1
메일/VV,1,0,1
로슨/NNG,1,0,1
정체성/NNG,3,1,2
오퍼레이션/NNG,3,1,2
리턴/NNG,1,0,1
위험군/NNG,1,0,1
동선/NNG,2,0,2
울린다/VV,1,0,1
젤/MAG,2,1,1
디/VV,6,2,4
반독점/NNG,1,0,1
쟁규/NNG,1,0,1
심층/NNG,3,1,2
감독국/NNG,1,0,1
인테르/NNG,1,0,1
데스/NNG,3,0,3
프로듀서/NNG,3,0,3
해니/NNG,3,3,0
명예/NNG,5,5,0
후회/NNG,6,3,3
회상/NNG,3,2,1
생겨난/VV,10,9,1
어엿/NNG,1,1,0
계관/NNG,7,5,2
희생/NNG,7,6,1
하산/NNG,1,1,0
통신기/NNG,1,1,0
술부/NNG,1,1,0
불분명/NNG,5,5,0
성장/NNG;한계/NNG,1,0,1
환경/NNG;많/VA,1,0,1
많/VA;피해/NNG,1,0,1
성장/NNG;크/VV,1,0,1
바라봐야/VV,1,0,1
소견/NNG,1,0,1
유망/NNG,12,6,6
진입장벽/NNG,9,3,6
거추장/NNG,1,0,1
해친다는/VV,1,0,1
멀리/MAG,5,2,3
좌시/NNG,1,0,1
연달/VV,6,2,4
연명/NNG,1,0,1
해약/NNG,5,3,2
갈이/NNG,1,0,1
어중이떠중이/NNG,1,0,1
사라져서/VV,2,0,2
깨끗/NNG,2,1,1
배/VV,2,0,2
탁기/NNG,3,2,1
차명계좌/NNG,2,0,2
대포통장/NNG,2,0,2
금융망/NNG,2,1,1
툴툴거리/VV,1,0,1
눈높이/NNG,3,1,2
무르익/VV,1,0,1
말썽/NNG,1,0,1
부리/VV,3,1,2
신/VV,5,4,1
암울/NNG,4,2,2
나온다면/VV,1,0,1
깨끗이/MAG,1,0,1
실크로드/NNG,9,6,3
고등학생/NNG,1,0,1
대마/NNG,1,0,1
밀수입/NNG,1,0,1
바뀐다면/VV,2,0,2
홍원/NNG,1,0,1
석사/NNG,2,0,2
가천/NNG,2,1,1
사이언스/NNG,1,0,1
대검찰청/NNG,1,0,1
최저/NNG;떨어/VV,2,1,1
전구/NNG,1,1,0
거울/NNG,1,1,0
변기/NNG,1,1,0
무선인터넷/NNG,1,1,0
이젠/MAG,3,3,0
너머/VV,2,1,1
동네/NNG,3,2,1
마구/MAG,3,2,1
신체/NNG,2,2,0
차곡차곡/MAG,1,1,0
일거수일투족/NNG,1,1,0
처한/VV,6,4,2
허둥지둥/MAG,1,1,0
돌려놓/VV,1,1,0
느슨/NNG,6,6,0
고삐/NNG,1,1,0
죄기/NNG,1,1,0
곤욕/NNG,3,2,1
치렀/VV,3,3,0
배려/NNG,2,2,0
공상/NNG,4,2,2
이의/NNG,3,2,1
맞설/VV,3,3,0
돌이킬/VV,2,1,1
자아/NNG,2,2,0
리셋/NNG,1,1,0
감상/NNG,4,1,3
본도/NNG,1,1,0
기울일/VV,1,1,0
샘/VV,2,2,0
속했/VV,1,1,0
타자/NNG,2,2,0
침범/NNG,5,5,0
퍼즐/NNG,1,1,0
조각/NNG,5,4,1
뻗치/VV,1,1,0
친절/NNG,1,1,0
물어/VV,1,1,0
지폈/VV,1,1,0
구/NNG,28,18,10
패러다임/NNG,10,8,2
둘/VV,2,2,0
구해야/VV,2,2,0
점식/NNG,1,1,0
이윤/NNG,5,4,1
무뎌졌/VA,1,1,0
판도/NNG,4,3,1
집안/NNG,1,1,0
휘두를지/VV,1,1,0
오텍스/NNG,1,1,0
증표/NNG,8,4,4
꾸러미/NNG,1,1,0
저축은행/NNG,2,1,1
실화/NNG,1,1,0
성수/NNG,3,2,1
뉴딜/NNG,5,5,0
지형/NNG,1,1,0
구미/NNG,2,2,0
겸/VV,3,2,1
퍼포먼스/NNG,1,1,0
외래어/NNG,2,2,0
표기법/NNG,2,2,0
타가/NNG,1,1,0
쎄타/NNG,3,3,0
투자은행/NNG,34,28,6
프리젠테이션/NNG,1,1,0
골칫거리/NNG,2,2,0
단정/NNG,7,6,1
쪽/NNG,1,1,0
말미/NNG,1,1,0
푸대접/NNG,1,1,0
견줘/VV,11,11,0
유동량/NNG,3,1,2
대폭락/NNG,2,2,0
지적도/NNG,7,3,4
클론/NNG,2,2,0
단타/NNG,6,3,3
전술/NNG,3,2,1
결론지/VV,1,1,0
놀랄/VV,3,1,2
모/NNG,8,6,2
앤드/NNG,4,4,0
컴퍼니/NNG,9,7,2
천편일률/NNG,1,1,0
목만/NNG,1,1,0
마소/NNG,1,1,0
꼬집/VV,6,5,1
원치/VV,2,2,0
감자/NNG,5,4,1
떠받치/VV,1,1,0
정파/NNG,1,1,0
투기성/NNG,9,7,2
스리/NNG,3,3,0
애로/NNG,4,1,3
우스/NNG,5,1,4
월렛/NNG,8,6,2
트리거/NNG,1,1,0
블랙/NNG,4,4,0
아바/NNG,26,24,2
상할/VV,2,1,1
엑스포/NNG,4,2,2
실업/NNG,1,1,0
낡/VA,3,2,1
더디/VA,3,3,0
체험/NNG,7,2,5
군림/NNG,1,1,0
대응책/NNG,4,3,1
별명/NNG,1,1,0
머리/NNG,6,4,2
맞대/VV,1,1,0
가장/NNG,9,8,1
논쟁/NNG,26,15,11
펼쳐지/VV,1,1,0
가격/NNG;넘/VV;오르/VV,2,1,1
예약/NNG,41,8,33
들끓/VV,2,0,2
달군/VV,3,2,1
비춰/VV,5,4,1
작사/NNG,1,0,1
설/NNG,3,1,2
추론/NNG,3,2,1
계원/NNG,3,0,3
예술/NNG,33,23,10
자처/NNG,2,0,2
입길/NNG,1,0,1
언서/NNG,9,3,6
느/VV,5,3,2
교란/NNG,3,1,2
베타서비스/NNG,2,0,2
조목조목/NNG,2,1,1
지창/NNG,1,0,1
호재/NNG,27,12,15
정면/NNG,3,2,1
청하/VV,9,4,5
부추긴/VV,2,1,1
외부인사/NNG,2,1,1
가격분석/NNG,1,0,1
용례/NNG,3,1,2
어긋나/VV,5,4,1
상법/NNG,2,0,2
정관/NNG,2,1,1
명부/NNG,3,1,2
거꾸로/MAG,4,0,4
부추긴다는/VV,1,0,1
크라운/NNG,1,0,1
살펴봐도/VV,1,0,1
읽힌다/VV,3,1,2
레지스트리/NNG,1,0,1
게시/NNG,9,5,4
의문시/NNG,1,0,1
원유/NNG;가격/NNG;하락/NNG,1,1,0
강력/NNG;경기/NNG;회복/NNG,1,1,0
비용/NNG;부담/NNG,2,1,1
돈/NNG;쏟/VV,1,1,0
살해/NNG,2,2,0
시위/NNG,5,4,1
지은/NNG,2,1,1
흑인/NNG,3,3,0
리스/NNG,4,2,2
롱/NNG,9,8,1
라운드/NNG,16,13,3
어질/VA,1,1,0
미들웨어/NNG,3,2,1
로스트/NNG,12,5,7
파이/NNG,49,18,31
모델링/NNG,3,1,2
기업금융/NNG,3,1,2
커나갈/VV,1,1,0
신탁/NNG,29,18,11
두들겼/VV,1,1,0
탭/NNG,20,13,7
대형기업/NNG,2,1,1
트레이드/NNG,9,5,4
합작법인/NNG,10,4,6
탕/NNG,1,1,0
연구회/NNG,1,1,0
사무국/NNG,1,1,0
코마/NNG,1,1,0
스탬프/NNG,6,6,0
드러/VV,6,6,0
역설/NNG,3,2,1
창민/NNG,1,1,0
메꿔/VV,1,1,0
튤립/NNG,1,1,0
매/NNG,2,2,0
추세/NNG,25,18,7
급히/MAG,3,2,1
crs/NNG,1,1,0
휩쓸/VV,3,2,1
몰려들/VV,3,1,2
문단/NNG,3,3,0
활기/NNG,5,4,1
일으켰/VV,3,2,1
수출국/NNG,1,1,0
마두/NNG,3,3,0
언론인/NNG,3,2,1
자택/NNG,2,1,1
응해/VV,2,1,1
하늘/NNG,3,3,0
타개/NNG,2,2,0
자잘/NNG,2,2,0
태/NNG,3,3,0
크라우드소싱/NNG,2,2,0
직관력/NNG,1,1,0
신호등/NNG,1,1,0
피오/NNG,2,2,0
발리우/VV,2,2,0
빙산/NNG,3,2,1
가져/VV,4,2,2
우량기업/NNG,1,1,0
축소판/NNG,1,1,0
번영/NNG,3,1,2
아메리칸/NNG,2,2,0
드림/NNG,1,1,0
현충일/NNG,1,1,0
백인/NNG,1,1,0
데릭/NNG,1,1,0
쇼/NNG,5,3,2
빈/NNG,2,2,0
실업률/NNG,1,1,0
상승곡선/NNG,3,3,0
거래일/NNG,6,4,2
항거/NNG,1,1,0
폭력/NNG,3,3,0
시위대/NNG,4,4,0
약탈/NNG,1,1,0
지르/VV,3,1,2
격/NNG,1,1,0
골/NNG,5,2,3
부으/VV,1,1,0
불려/VV,1,1,0
빔/NNG,45,2,43
슈퍼맨/NNG,2,0,2
발사/NNG,1,0,1
빨간/VA,5,1,4
광선/NNG,2,0,2
기다란/VA,1,0,1
막대기/NNG,2,0,2
기둥/NNG,1,0,1
빛/NNG,2,0,2
일직선/NNG,1,0,1
쭉/MAG,1,0,1
뻗/VV,3,1,2
시황/NNG,5,2,3
캔/NNG,1,0,1
길이/NNG,1,0,1
상하/NNG,1,0,1
쏜/VV,1,0,1
쭈욱/MAG,1,0,1
시경/NNG,35,18,17
승천/NNG,2,0,2
짜리/NNG,1,0,1
쏴/VV,1,0,1
으레/MAG,1,0,1
간절/NNG,3,1,2
하차/NNG,1,0,1
따갑/VA,1,0,1
폐가/NNG,1,0,1
재료/NNG,2,0,2
파란/VA,2,1,1
단초/NNG,1,0,1
버젓이/MAG,2,1,1
솔직/NNG,3,2,1
생길지/VV,2,0,2
쏘/VV,4,1,3
진짜/NNG,5,2,3
들어도/VV,1,0,1
쉬이/MAG,1,0,1
이성/NNG,1,0,1
감성/NNG,3,2,1
틀/NNG,12,8,4
앙망/NNG,1,0,1
마뜩/VA,1,0,1
변인/NNG,1,0,1
쐈/VV,1,0,1
옥살이/NNG,1,0,1
우/NNG,20,7,13
도와준다/VV,1,0,1
염원/NNG,1,0,1
모아진/VV,1,0,1
컴컴/NNG,1,0,1
밤하늘/NNG,1,0,1
유성우/NNG,1,0,1
산발/NNG,2,0,2
자산/NNG;작/VA,1,1,0
밀레니얼/NNG,13,12,1
성균관/NNG,1,1,0
노더/NNG,1,1,0
폐도/NNG,1,1,0
양도차익/NNG,14,11,3
좋/VA;않/VX;영향/NNG;줄/VV,1,0,1
전과/NNG,3,1,2
집행유예/NNG,2,0,2
가담/NNG,3,1,2
작전/NNG,2,0,2
판시/NNG,3,2,1
항소/NNG,4,3,1
이듬해/NNG,1,0,1
중처/NNG,4,3,1
지배구조/NNG,6,4,2
투자조합/NNG,9,3,6
버킷/NNG,2,0,2
스튜디오/NNG,6,3,3
순환출자/NNG,2,0,2
명의/NNG,8,6,2
조합원/NNG,1,0,1
좌/NNG,7,1,6
친동생/NNG,1,0,1
등기/NNG,3,1,2
어머니/NNG,1,0,1
유해/NNG,4,1,3
직위/NNG,1,0,1
나와서/VV,3,2,1
전과자/NNG,2,1,1
갖춰야만/VV,1,0,1
적격성/NNG,2,0,2
얽혀/VV,1,0,1
다툼/NNG,9,8,1
의결권/NNG,2,1,1
김/NNG,5,1,4
포트/NNG,5,2,3
이온/NNG,3,0,3
갖췄/VV,5,1,4
아이온/NNG,3,0,3
막강/NNG,8,4,4
최첨단/NNG,1,0,1
의학/NNG,4,0,4
혼합/NNG,2,1,1
택하/VV,1,0,1
월드와이드웹컨소시엄/NNG,1,0,1
면역/NNG,4,0,4
합쳤/VV,1,0,1
여지/NNG,5,1,4
사임/NNG,7,5,2
등한시/NNG,3,2,1
니즈/NNG,1,0,1
산업표준/NNG,1,0,1
코트/NNG,3,1,2
담기/VV,1,0,1
파일시스템/NNG,4,1,3
소정/NNG,3,2,1
해리/NNG,1,0,1
감언이설/NNG,1,0,1
찬성론/NNG,2,0,2
통렬/NNG,1,0,1
힘쓰/VV,3,1,2
렌/NNG,12,7,5
아마/MAG,7,2,5
다층/NNG,1,0,1
확실히/MAG,9,4,5
돌아다닐/VV,2,1,1
나을지/VV,2,0,2
프로토타입/NNG,5,1,4
메타데이터/NNG,3,3,0
도사/NNG,1,1,0
프로덕트/NNG,2,2,0
구인/NNG,4,4,0
마인/NNG,7,6,1
계협/NNG,5,4,1
정시/NNG,5,4,1
매매이익/NNG,1,1,0
한해서/VV,2,2,0
지켜질/VV,1,1,0
정류장/NNG,1,1,0
햇볕/NNG,2,2,0
지붕/NNG,1,1,0
벤치/NNG,1,1,0
쨍쨍/MAG,2,2,0
쬔다/VV,1,1,0
정류소/NNG,1,1,0
좁다란/VA,1,1,0
그늘/NNG,1,1,0
돋/VV,3,3,0
이럴/VV,4,3,1
증기/NNG,2,2,0
역점/NNG,1,1,0
신용/NNG,65,39,26
화할/VV,1,1,0
파일럿/NNG,9,7,2
약정서/NNG,2,2,0
광/NNG,4,3,1
기술원/NNG,2,2,0
진술/NNG,5,3,2
참/MAG,2,1,1
머신/NNG,2,2,0
절약/NNG,3,2,1
랭킹/NNG,5,5,0
스파크/NNG,7,6,1
관계없이/MAG,3,2,1
앞질렀/VV,5,5,0
프라이빗뱅크/NNG,1,1,0
적립금/NNG,1,1,0
팩/MAG,23,15,8
스풀/NNG,9,9,0
노트/NNG,4,3,1
본떠/VV,1,1,0
피싱/NNG,20,16,4
잠입/NNG,1,0,1
되려/MAG,1,0,1
매기/VV,8,7,1
외교/NNG,4,3,1
헤즈볼라/NNG,2,0,2
도토리/NNG,3,0,3
꾸미/VV,2,0,2
삽니다/VV,2,0,2
펼쳐질까/VV,2,0,2
연재/NNG,11,5,6
동향/NNG,9,6,3
토카막/NNG,10,6,4
로드맵/NNG,4,2,2
시암/NNG,4,1,3
공사/NNG,8,4,4
발걸음/NNG,2,1,1
언락/NNG,1,0,1
부딪쳤/VV,1,0,1
합법화/NNG,4,3,1
아크/NNG,3,1,2
브랜드/NNG,17,12,5
진공청소기/NNG,2,0,2
비해서/VV,4,1,3
판매처/NNG,1,0,1
약간/MAG,9,4,5
긁적였/VV,1,0,1
소셜커머스/NNG,1,0,1
유통량/NNG,12,9,3
팔릴/VV,2,1,1
판매수수료/NNG,5,0,5
대략/NNG,2,0,2
증감/NNG,1,0,1
지류/NNG,2,0,2
상거래/NNG,6,3,3
빈번히/MAG,5,3,2
성매매/NNG,1,0,1
액면가/NNG,4,3,1
퍼센트/NNG,2,1,1
대학생/NNG,16,5,11
되물/VV,1,0,1
배운다/VV,1,0,1
문상/NNG,2,0,2
신공/NNG,2,0,2
조카/NNG,1,0,1
화살표/NNG,3,2,1
궁금/NNG,22,13,9
할인율/NNG,9,0,9
컬처/NNG,2,0,2
덤/NNG,3,0,3
번가/NNG,2,1,1
경영지표/NNG,1,0,1
깜짝/MAG,2,1,1
천차만별/NNG,2,0,2
돌아오/VV,4,3,1
승자/NNG,3,0,3
영업손실/NNG,3,0,3
영업외수익/NNG,2,0,2
벌충/NNG,1,0,1
소멸시효/NNG,3,0,3
돌아온/VV,2,1,1
낙전/NNG,3,0,3
공익/NNG,5,2,3
생겨도/VV,1,0,1
가격/NNG;상승/NNG;하락/NNG,1,0,1
닷컴/NNG;거품/NNG,4,2,2
아직/MAG;거품/NNG,1,0,1
성장/NNG;더디/VV,3,2,1
거품/NNG;꺼지/VV,3,0,3
최대/NNG;늘/VV,2,1,1
투자/NNG;막/VV,1,0,1
많/VA;경계/NNG,1,0,1
더디/VV,3,2,1
반타/NNG,3,2,1
이긴/VV,8,5,3
묵묵히/MAG,3,2,1
앞섰/VV,1,0,1
떠난다는/VV,1,0,1
지상/NNG,2,1,1
머나먼/VA,1,0,1
할지라도/VV,1,0,1
원점/NNG,2,0,2
퇴/NNG,4,3,1
식구/NNG,1,0,1
활기찼/VA,1,0,1
틀렸/VV,6,3,3
에이/NNG,8,2,6
더리/VA,5,4,1
시연/NNG,3,2,1
여겼/VV,2,0,2
터뜨렸/VV,1,0,1
고속도/NNG,1,0,1
망해서/VV,1,0,1
바이파이/NNG,7,3,4
한참/NNG,7,4,3
만을/NNG,1,0,1
이종/NNG,1,0,1
한발/MAG,2,1,1
붙들/VV,1,0,1
꺼지/VV,5,2,3
눈감/VV,1,0,1
상한가/NNG,2,0,2
달콤/NNG,1,0,1
적응/NNG,5,2,3
도태/NNG,3,1,2
지나오/VV,1,0,1
유니콘/NNG,8,4,4
저변/NNG,3,2,1
마칠/VV,3,2,1
관리기능/NNG,1,0,1
퓨전/NNG,4,1,3
획기적으로/MAG,3,2,1
뮤추얼펀드/NNG,3,2,1
바이온트/NNG,1,0,1
핸드/NNG,2,0,2
셰이크/NNG,2,0,2
핸디/NNG,2,0,2
도메인네임시스템/NNG,1,0,1
블랙베리/NNG,3,0,3
몰래/MAG,4,2,2
악성/NNG,6,4,2
옵틱/NNG,1,0,1
불만/NNG,10,5,5
니/VV,6,4,2
대법/NNG,2,1,1
원판결/NNG,1,0,1
위헌/NNG,4,1,3
노이/NNG,1,0,1
릴레이/NNG,2,1,1
스패로우/NNG,1,0,1
공학자/NNG,1,0,1
간부/NNG,3,2,1
고정/NNG,22,12,10
흡사/MAG,5,3,2
볼린저밴드/NNG,3,0,3
줄다리기/NNG,2,1,1
기울/VV,2,1,1
조일/VV,1,0,1
문수/NNG,1,0,1
문장/NNG,8,5,3
대등/NNG,1,0,1
우의/NNG,1,0,1
새로이/MAG,1,0,1
되팔/VV,1,0,1
칼럼니스트/NNG,5,2,3
소코/NNG,2,0,2
개척/NNG,4,3,1
실어/NNG,2,1,1
느껴야/VV,1,0,1
학위/NNG,2,1,1
차석/NNG,1,0,1
여시/NNG,1,0,1
선언문/NNG,1,0,1
금기/NNG,1,0,1
달린/VV,1,0,1
뒤집혀/VV,1,0,1
술/NNG,4,2,2
금욕/NNG,1,0,1
인근지역/NNG,2,0,2
영토/NNG,1,0,1
장착/NNG,3,0,3
상품화/NNG,1,0,1
투자수단/NNG,3,2,1
맛봐야/VV,1,0,1
나와야/VV,3,1,2
할머니/NNG,1,0,1
콘셉트/NNG,4,3,1
키운다는/VV,2,0,2
고스톱/NNG,1,0,1
불로/NNG,2,0,2
엄청/MAG,2,1,1
때리/VV,3,0,3
부작용/NNG,5,2,3
파생/NNG,3,2,1
촉/NNG,1,0,1
욕/NNG,2,1,1
담론/NNG,5,3,2
끌어낸다/VV,1,0,1
근대/NNG,2,1,1
정글/NNG,1,0,1
동등/NNG,5,1,4
놓이/VV,4,2,2
증이/NNG,2,1,1
독점력/NNG,1,0,1
판다/VV,3,2,1
꺼/VV,4,2,2
아래아/NNG,1,0,1
한글/NNG,3,1,2
지켜낼/VV,1,0,1
빅브라더/NNG,2,0,2
논점/NNG,1,0,1
권위/NNG,6,3,3
놓/NNG,1,0,1
까/VV,2,0,2
밀/VV,7,4,3
대승/NNG,1,0,1
위험/NNG;회피/NNG,6,3,3
위험/NNG;방지/NNG,1,1,0
유가/NNG;어렵/VA,1,1,0
집합투자/NNG,8,2,6
스퍼/NNG,5,2,3
에이아이/NNG,3,2,1
계획안/NNG,2,2,0
부사/NNG,1,1,0
업명/NNG,1,1,0
부동산펀드/NNG,6,1,5
전자증권/NNG,5,3,2
신발/NNG,1,1,0
가공/NNG,4,1,3
의료법/NNG,1,1,0
크루즈선/NNG,3,3,0
입출/NNG,1,1,0
강원/NNG,1,1,0
액화수소/NNG,1,1,0
수소에너지/NNG,1,1,0
융/NNG,2,1,1
헴/NNG,1,1,0
조성계획/NNG,1,1,0
혁신기업/NNG,1,1,0
집중투자/NNG,3,2,1
부응/NNG,2,2,0
노려/VV,4,3,1
유포/NNG,3,1,2
악성코드/NNG,7,7,0
공격자/NNG,8,7,1
거해/NNG,2,2,0
단복/NNG,1,1,0
압축/NNG,1,1,0
절전/NNG,1,1,0
소모/NNG,8,2,6
낸다/VV,5,3,2
리소스/NNG,1,1,0
끼친다/VV,1,1,0
정품/NNG,1,1,0
패치/NNG,1,1,0
수칙/NNG,3,3,0
발행국/NNG,1,1,0
전자화폐/NNG,5,5,0
메이저/NNG,7,4,3
동조/NNG,4,4,0
만/VV,4,2,2
포섭/NNG,2,2,0
지와/NNG,2,1,1
면밀/NNG,3,3,0
놓여/VV,2,1,1
확정안/NNG,1,1,0
물물/NNG,4,4,0
준/NNG,1,1,0
달라집니다/VA,1,1,0
일률적/VAX,5,3,2
차후/NNG,3,3,0
비로소/MAG,4,3,1
금원/NNG,1,1,0
노무/NNG,1,1,0
표상/NNG,1,1,0
진다면/VV,1,1,0
걸린/VV,4,4,0
기장/NNG,1,1,0
사범/NNG,1,1,0
막연/NNG,2,1,1
생사/NNG,2,1,1
자문위원/NNG,16,14,2
합쳐서/VV,4,4,0
밑그림/NNG,2,2,0
그려볼/VV,1,1,0
정해야/VV,2,2,0
좁혀야/VV,1,1,0
중개사/NNG,6,1,5
객관/NNG,9,5,4
금융사/NNG,10,8,2
자의/NNG,3,1,2
재량/NNG,3,3,0
포석/NNG,3,1,2
전문인력/NNG,6,3,3
전산/NNG,9,5,4
갖춰야/VV,4,3,1
준해/VV,1,1,0
가격/NNG;급락/NNG,12,6,6
빨리/MAG;성장/NNG,2,1,1
살/NNG,7,5,2
사그라들/VV,4,3,1
견실히/MAG,1,1,0
알려서/VV,1,1,0
궁리/NNG,1,1,0
원했/VV,2,2,0
거듭났/VV,2,1,1
학년/NNG,1,1,0
재학/NNG,1,1,0
선다/VV,4,2,2
학업/NNG,4,3,1
병행/NNG,10,6,4
중퇴/NNG,2,2,0
학문/NNG,2,1,1
그만두/VV,1,1,0
전념/NNG,4,3,1
잘/VV,3,3,0
놀렸/VV,1,1,0
곤/VV,1,1,0
들여놓/VV,1,1,0
관성/NNG,1,1,0
답습/NNG,1,1,0
달가워하/VV,1,1,0
엄선/NNG,2,2,0
대충/MAG,3,3,0
띄워서/VV,1,1,0
먹/NNG,10,4,6
튀/NNG,10,4,6
반짝/MAG,1,1,0
스나/NNG,2,1,1
쿠/MAG,6,5,1
군소/NNG,2,2,0
부풀린다/VV,1,1,0
말지/NNG,1,1,0
모셔/VV,1,1,0
발매/NNG,3,2,1
변해도/VV,1,1,0
수시로/MAG,5,1,4
헌신/NNG,1,1,0
부지런히/MAG,1,1,0
진실/NNG,6,6,0
비효율성/NNG,5,4,1
변해/VV,1,1,0
쌍/NNG,16,9,7
셈/NNG,3,3,0
매달/NNG,2,2,0
진전/NNG,12,9,3
석서/NNG,1,1,0
무한대/NNG,2,2,0
마르쿠스/NNG,1,1,0
회장직/NNG,1,1,0
이어받/VV,1,1,0
벤/NNG,4,3,1
포만/NNG,1,1,0
농업/NNG,1,1,0
농산물/NNG,1,1,0
좇/VV,1,1,0
커브/NNG,21,17,4
고이/MAG,4,3,1
클라이언트/NNG,5,5,0
비탈/NNG,18,6,12
롤/NNG,25,6,19
하향/NNG,2,2,0
끼친/VV,2,1,1
하락/NNG;면하/VV;못하/VX,4,3,1
위협/NNG;증가/NNG,1,1,0
이자율/NNG;높/VA,1,1,0
이자율/NNG;낮/VA,1,1,0
안정/NNG;높/VA,1,1,0
높/VA;안정/NNG,1,1,0
취약/NNG;없/VA,1,1,0
청장/NNG,23,11,12
사용자인증/NNG,2,2,0
악의/NNG,7,7,0
출원인/NNG,1,1,0
개인/VV,1,1,0
외국법/NNG,1,1,0
폴카/NNG,24,18,6
이자율/NNG,12,10,2
앵커/NNG,11,11,0
변한다/VV,2,2,0
유동화/NNG,2,2,0
극단/NNG,2,1,1
초대/NNG,11,10,1
진영/NNG,5,4,1
자키/NNG,1,1,0
권도/NNG,1,1,0
훔친/VV,3,1,2
피고/NNG,3,3,0
선구자/NNG,5,3,2
숨겼/VV,3,3,0
태동/NNG,2,2,0
국고채/NNG,2,2,0
폐쇄형/NNG,1,1,0
아르코/NNG,1,1,0
발라/VV,10,8,2
피디아/NNG,2,2,0
웨이브/NNG,5,5,0
단행/NNG,7,5,2
슨/VV,8,2,6
팬텀/NNG,2,2,0
궤적/NNG,1,1,0
면하/VV,5,3,2
볼레/NNG,1,1,0
퇴색/NNG,3,3,0
대나/NNG,2,2,0
자매/NNG,5,5,0
준비자산/NNG,2,2,0
휴지기/NNG,1,1,0
굵직굵직/NNG,1,1,0
소수자/NNG,4,4,0
민자/NNG,1,1,0
신중절/NNG,2,2,0
판례/NNG,6,6,0
폐지/NNG,13,7,6
대법관/NNG,2,2,0
원임/NNG,1,1,0
열흘/NNG,5,1,4
안긴/VV,1,1,0
좌파/NNG,1,1,0
어렵사리/MAG,2,2,0
망가져/VV,2,2,0
성토/NNG,1,1,0
대법원장/NNG,5,5,0
공화당/NNG,14,4,10
조시/NNG,2,2,0
배신자/NNG,1,1,0
역적/NNG,1,1,0
낙태/NNG,2,1,1
소수의견/NNG,1,1,0
뒤엎/VV,1,1,0
위상/NNG,5,4,1
승기/NNG,1,1,0
종신직/NNG,1,1,0
앉히/VV,1,1,0
최후/NNG,2,2,0
리라/NNG,8,4,4
엉겁결/NNG,1,1,0
몸/NNG,5,3,2
돼버렸/VV,2,1,1
고치/VV,2,2,0
성난/VV,1,1,0
맹신/NNG,2,1,1
암만/MAG,1,1,0
도란/NNG,1,1,0
가꿔/VV,1,1,0
타격/NNG;피하/VV,1,0,1
소의/NNG,1,0,1
비허/NNG,3,1,2
환상/NNG,1,0,1
쫓/VV,4,2,2
헤알/NNG,2,0,2
쉬/NNG,2,0,2
투자처/NNG,10,7,3
자치/NNG,5,4,1
만장일치/NNG,1,0,1
청산절차/NNG,1,0,1
포커스/NNG,1,0,1
시나이/NNG,1,0,1
아반/NNG,1,0,1
콕스/NNG,4,0,4
밥/NNG,9,6,3
맥/NNG,2,0,2
라스/NNG,1,0,1
대마초/NNG,3,1,2
대차대조표/NNG;축소/NNG,1,1,0
스트레스/NNG;완화/NNG,1,1,0
가격/NNG;악영향/NNG,5,3,2
수익/NNG;감소/NNG,3,2,1
가격/NNG;고점/NNG,4,3,1
많/VA;반대/NNG,1,1,0
오/NNG,6,4,2
뼈대/NNG,2,1,1
윤곽/NNG,1,1,0
해설/NNG,1,1,0
직상장/NNG,2,2,0
퇴직자/NNG,2,2,0
중재/NNG,3,2,1
불복/NNG,2,2,0
적대적/VAX,2,1,1
법인자금/NNG,1,1,0
메우/VV,4,2,2
관할권/NNG,1,1,0
등기부등본/NNG,2,2,0
경영난/NNG,1,1,0
맞붙/VV,1,1,0
티엠/NNG,5,5,0
난/NNG,2,1,1
박애/NNG,1,1,0
기증/NNG,1,1,0
사뭇/MAG,6,3,3
히/VV,3,2,1
스트레스/NNG,6,6,0
자격증/NNG,7,5,2
소지자/NNG,1,1,0
이직/NNG,2,2,0
난립/NNG,2,1,1
습성/NNG,3,2,1
저점/NNG,20,11,9
고점/NNG,34,21,13
파도/NNG,2,2,0
매집/NNG,5,3,2
옮겨진/VV,1,1,0
왼쪽/NNG,1,1,0
오른쪽/NNG,1,1,0
살펴본/VV,5,2,3
외생변수/NNG,2,2,0
두드러지/VA,6,3,3
생산성/NNG;높/VA,1,0,1
가격/NNG;줄/VV,1,0,1
정재/NNG,2,0,2
허술/NNG,1,0,1
이어서/VV,2,1,1
타임/NNG,7,2,5
수북/NNG,1,0,1
쌓였/VV,3,2,1
머스크/NNG,70,40,30
관대/NNG,3,0,3
기분/NNG,3,0,3
행운/NNG,3,0,3
떴/VV,4,1,3
숨김/VV,1,0,1
팔로어/NNG,1,0,1
당혹/NNG,2,1,1
연예계/NNG,1,0,1
서드파티/NNG,1,0,1
시간외거래/NNG,1,0,1
모임/NNG,8,2,6
몸담/VV,3,2,1
리얼/NNG,2,0,2
발족/NNG,3,2,1
삿/NNG,5,0,5
참여율/NNG,1,0,1
멈춰/VV,3,2,1
연례행사/NNG,4,0,4
옵티미즘/NNG,7,2,5
집단/NNG,23,14,9
스페이스/NNG,8,5,3
메시/NNG,4,2,2
레인/NNG,3,2,1
가깝/VV,2,1,1
성취감/NNG,2,1,1
그만한/VA,3,2,1
기쁨/NNG,3,1,2
결속력/NNG,1,0,1
이어진다는/VV,2,0,2
유대/NNG,1,0,1
기약/NNG,1,0,1
모우/NNG,4,0,4
단번에/MAG,1,0,1
즉석/NNG,2,0,2
멋진/VA,4,2,2
하이브리드/NNG,5,3,2
다행/NNG,5,3,2
근시안/NNG,2,0,2
왕/NNG,8,6,2
즘/MAG,7,4,3
즘/NNG,11,4,7
어셈블리/NNG,1,0,1
옮겨오/VV,1,0,1
해커톤/NNG,30,16,14
개최지/NNG,2,1,1
숙소/NNG,2,0,2
구해/VV,2,0,2
진작/NNG,2,1,1
재정비/NNG,1,0,1
가진다고/VV,1,0,1
일깨우/VV,1,0,1
느낀다/VV,2,1,1
원사/NNG,5,2,3
휴식기/NNG,1,0,1
산만/NNG,1,0,1
표출/NNG,3,1,2
특혜/NNG,5,4,1
계급/NNG,1,0,1
접할/VV,1,0,1
형평/NNG,2,1,1
카리스마/NNG,1,0,1
무대/NNG,3,2,1
열광/NNG,3,2,1
느꼈/VV,7,4,3
스크린/NNG,2,0,2
집중도/NNG,1,0,1
금융시스템/NNG;취약/NNG,1,1,0
정치/NNG;압박/NNG,2,2,0
우려/NNG;증대/NNG,1,1,0
경기/NNG;하락/NNG,1,1,0
전망/NNG;빠지/VV,1,1,0
많/VA;비판/NNG,1,1,0
우려/NNG;쏟/VV,1,1,0
자금/NNG;늘/VV,2,2,0
준다면/VV,1,1,0
가해질/VV,2,2,0
드나드/VV,2,2,0
맡길/VV,3,3,0
동작/NNG,10,7,3
외화증권/NNG,5,5,0
때로/MAG,7,6,1
시끌벅적/MAG,1,1,0
뻔하/VA,1,1,0
걸려드/VV,1,1,0
천국/NNG,1,1,0
조명/NNG,3,2,1
사라진다고/VV,1,1,0
속해/VV,2,2,0
유와/NNG,2,1,1
가하/VV,14,6,8
괜한/VA,1,1,0
무게/NNG,7,5,2
퍼진/VV,2,2,0
간파/NNG,1,1,0
지나간다면/VV,1,1,0
편취/NNG,2,1,1
소도/NNG,2,1,1
속일/VV,1,1,0
소와/NNG,2,2,0
용이/NNG,3,3,0
브랜드인지도/NNG,1,1,0
그래/VV,3,2,1
헤드라인/NNG,1,1,0
희미/NNG,1,1,0
동/MAG,2,2,0
시발점/NNG,1,1,0
번갈/VV,1,1,0
웃돈/NNG,5,1,4
상쇄/NNG,6,4,2
약사/NNG,3,3,0
거둔/VV,3,2,1
걸린다는/VV,2,2,0
들썩이/VV,2,2,0
찬물/NNG,3,3,0
끼얹/VV,3,3,0
무의미/NNG,3,3,0
동동/MAG,1,1,0
구르/VV,1,1,0
돌파구/NNG,3,3,0
생겨나/VV,8,5,3
유로시장/NNG,1,1,0
항서/NNG,1,1,0
소재기업/NNG,1,1,0
표방/NNG,1,1,0
감지/NNG,6,3,3
슬며시/MAG,1,1,0
알렸/VV,7,5,2
이정표/NNG,2,2,0
권역/NNG,1,1,0
지저분/NNG,1,1,0
여겨졌/VV,2,1,1
이젠/NNG,5,4,1
다한/VV,1,1,0
캡/MAG,2,2,0
승계/NNG,1,1,0
위협/NNG;아니/VCN,1,1,0
위험/NNG;빠지/VV,1,1,0
감독청/NNG,36,29,7
속한다고/VV,2,2,0
수동/NNG,4,3,1
채권펀드/NNG,2,2,0
금융중개기능/NNG,1,1,0
통산/NNG,4,2,2
정부안/NNG,2,2,0
집단소송/NNG,6,6,0
이른다고/VV,4,3,1
고했/VV,6,3,3
몰라야/VV,2,2,0
전성기/NNG,4,3,1
소린가/NNG,1,1,0
자마/NNG,1,1,0
인근/NNG,4,3,1
오지/NNG,1,1,0
넘쳐날/VV,1,1,0
묻어난/VV,1,1,0
열/NNG,4,2,2
선한데/VV,1,1,0
떠올린/VV,2,2,0
후발/NNG,2,2,0
사나/NNG,2,2,0
스코프/NNG,3,3,0
아프/VA,4,4,0
어떤가/VA,1,1,0
던진다/VV,3,2,1
딥러닝/NNG,1,1,0
외쳤/VV,2,1,1
너도나도/MAG,1,1,0
닥쳤/VV,1,1,0
그땐/NNG,3,2,1
녹아든/VV,1,1,0
패스/NNG,6,2,4
진가/NNG,1,1,0
집필/NNG,5,4,1
상실/NNG,2,1,1
공동체/NNG,5,4,1
번성/NNG,3,3,0
진통/NNG,3,2,1
자유민/NNG,2,1,1
공공장소/NNG,1,1,0
심혈/NNG,1,1,0
의사소통/NNG,1,1,0
동/NNG,6,3,3
대출/NNG;금리갭/NNG;줄/VV,1,1,0
순이익/NNG;증가/NNG,1,1,0
환경/NNG;악화/NNG,1,1,0
이익/NNG;감소/NNG,1,1,0
침체/NNG;위험/NNG,1,1,0
부실/NNG;위험/NNG,1,1,0
수입/NNG;증가/NNG,2,2,0
반기/VV,2,2,0
맞서/VV,4,2,2
편협/NNG,1,1,0
암호학/NNG,2,2,0
원스톱/NNG,1,1,0
한국판/NNG,1,1,0
금융지원/NNG,1,1,0
은성/NNG,8,5,3
셈하/VV,2,2,0
우회로/NNG,2,2,0
광풍/NNG,12,6,6
심심찮/VA,1,1,0
인수도/NNG,2,1,1
존폐/NNG,4,3,1
열쇠/NNG,8,7,1
가진다면/VV,4,4,0
없앨/VV,5,4,1
선방/NNG,2,2,0
놨/VV,17,11,6
편/VV,3,3,0
까지/VV,3,2,1
금리갭/NNG,1,1,0
일회성비용/NNG,1,1,0
거뒀/VV,5,5,0
정부정책/NNG,7,1,6
수혜/NNG,8,4,4
충당금/NNG,1,1,0
비은행/NNG,5,3,2
최대이익/NNG,1,1,0
동학/NNG,3,3,0
살펴본다/VV,2,2,0
불명확/NNG,4,3,1
들어와/VV,3,3,0
불변/NNG,5,3,2
미신고/NNG,4,3,1
거래사고/NNG,1,1,0
할까/VV,6,4,2
포괄/NNG,5,4,1
매긴다/VV,1,1,0
커피숍/NNG,1,1,0
외면/NNG,1,1,0
한정판/NNG,5,1,4
쇼핑백/NNG,1,1,0
중과/NNG,2,2,0
낸다는/VV,3,1,2
딱/MAG,4,3,1
망가집니다/VV,1,1,0
서로/NNG,13,11,2
불립니다/VV,1,1,0
괏/MAG,3,3,0
임의로/MAG,1,1,0
훔칠/VV,1,1,0
파산선고/NNG,1,1,0
지문/NNG,2,1,1
잠금/VV,1,1,0
전할/VV,1,1,0
안전장치/NNG,3,3,0
오디오/NNG,3,2,1
냉장고/NNG,1,1,0
냉난/NNG,1,1,0
방기/NNG,1,1,0
러닝/NNG,1,1,0
킥/NNG,12,11,1
모기/NNG,2,1,1
영체/NNG,6,6,0
맞춤/VV,4,2,2
안자/NNG,1,1,0
와이파이/NNG,6,6,0
지인/NNG,12,5,7
자미/NNG,1,1,0
써왔/VV,1,1,0
슌/NNG,1,1,0
월드/NNG,8,7,1
비스/NNG,3,3,0
투자/NNG;실패/NNG,1,1,0
심상/NNG;않/VX,1,1,0
위험/NNG;줄/VV,2,1,1
필명/NNG,6,4,2
낮/NNG,5,2,3
경야/NNG,1,1,0
업의/NNG,1,1,0
심상/NNG,1,1,0
어쩌다가/MAG,1,1,0
잠시/MAG,6,3,3
찔렀/VV,1,1,0
따리/NNG,2,2,0
펼쳐졌/VV,3,3,0
파/MAG,1,1,0
설파/NNG,1,1,0
아버님/NNG,3,2,1
선견지명/NNG,1,1,0
파셨/VV,1,1,0
면했/VV,1,1,0
그러신/VA,1,1,0
사연/NNG,2,2,0
밑자락/NNG,1,1,0
어법/NNG,1,1,0
하트/NNG,3,2,1
뿅뿅/MAG,1,1,0
뼈아프/VA,3,2,1
실책/NNG,1,1,0
하여튼/MAG,1,1,0
불장/NNG,4,2,2
여기저기/NNG,2,2,0
끝물/NNG,1,1,0
가렸/VV,1,1,0
실패담/NNG,1,1,0
때려치웠/VV,1,1,0
반성/NNG,2,2,0
리딩/NNG,10,8,2
왠지/MAG,2,1,1
슬픈/VA,2,1,1
이어질까/VV,1,1,0
들어갔/VV,11,6,5
매월/MAG,3,2,1
회비/NNG,1,1,0
금방/MAG,4,3,1
찾아다니/VV,2,2,0
맛본/VV,1,1,0
기억나/VV,1,1,0
펄스/NNG,11,6,5
더/VV,11,6,5
찾아다녔/VV,1,1,0
평일/NNG,3,2,1
소회/NNG,3,2,1
덧붙여서/VV,1,1,0
쌓인/VV,6,2,4
텍스트/NNG,3,3,0
열심히/MAG,7,5,2
바꿨/VV,8,6,2
놔두/VV,1,1,0
애용/NNG,1,1,0
사살/NNG,1,1,0
도무지/MAG,1,1,0
모자랄/VV,1,1,0
퇴근/NNG,3,2,1
납니다/VV,1,1,0
생겨서/VV,1,1,0
날까/VV,2,2,0
자비/NNG,1,1,0
형편/NNG,2,2,0
취미/NNG,2,1,1
살짝/MAG,2,2,0
된다며/VV,1,1,0
한숨/NNG,2,2,0
새/VV,3,3,0
대뜸/MAG,2,1,1
깔깔대/VV,1,1,0
길들/VV,1,1,0
간다는/VV,1,1,0
잠깐/MAG,3,2,1
가셔야/VV,1,1,0
글자/NNG,5,4,1
스트레스테스트/NNG,1,1,0
재임/NNG,2,2,0
담근/VV,1,1,0
첫해/NNG,3,3,0
운영비/NNG,3,1,2
비로/NNG,1,1,0
후면/NNG,1,1,0
아방가르드/NNG,1,1,0
베가/NNG,6,6,0
매너/NNG,4,4,0
공포심/NNG,1,1,0
범/NNG,9,2,7
입점/NNG,1,1,0
산학/NNG,4,4,0
총장/NNG,2,1,1
챗봇/NNG,2,2,0
자결/NNG,5,3,2
계열회사/NNG,7,5,2
셔/NNG,4,1,3
널/VV,4,1,3
인포메이션/NNG,1,1,0
옴니채널/NNG,1,1,0
합성/NNG,8,8,0
틱스/NNG,8,7,1
동명/NNG,2,2,0
자금/NNG;조달/NNG;위험/NNG,1,1,0
탄탄/NNG;성장/NNG,1,1,0
위험/NNG;완화/NNG,3,2,1
폭발/NNG;성장/NNG,5,4,1
고액/NNG,7,5,2
재투자/NNG,6,3,3
종용/NNG,3,2,1
빙자/NNG,1,1,0
법사/NNG,1,1,0
피해신고센터/NNG,1,1,0
폰지사기/NNG,1,1,0
연예인/NNG,3,3,0
유력자/NNG,1,1,0
친분/NNG,1,1,0
구가/NNG,3,2,1
잠적/NNG,7,4,3
평균연령/NNG,1,1,0
고수익/NNG,4,3,1
희생양/NNG,1,1,0
문한/NNG,1,1,0
난자/NNG,3,1,2
란트/NNG,30,29,1
조인트벤처/NNG,1,1,0
워킹그룹/NNG,1,1,0
자율적/VAX,6,4,2
하계/NNG,1,1,0
애널리틱스/NNG,7,4,3
사명/NNG,8,8,0
트랜스퍼/NNG,1,1,0
따른다/VV,1,1,0
따른다는/VV,2,2,0
자동화/NNG,3,3,0
베/VV,1,1,0
교사/NNG,4,3,1
현지인/NNG,1,1,0
마마/NNG,2,2,0
괄목/NNG,2,2,0
리마/NNG,1,1,0
크릴/NNG,1,1,0
대담/NNG,4,2,2
만료일/NNG,1,1,0
여력/NNG,8,5,3
채택률/NNG,2,2,0
방편/NNG,3,3,0
영수증/NNG,1,1,0
골드러시/NNG,3,2,1
닦/VV,3,2,1
산업/NNG;활성화/NNG,2,1,1
공모전/NNG,2,2,0
입상/NNG,4,3,1
크레딧/NNG,3,3,0
진다/NNG,1,1,0
인/VV,3,3,0
아낌없이/MAG,1,1,0
국유/NNG,2,2,0
기경/NNG,2,2,0
신문/NNG,32,23,9
농민/NNG,1,1,0
중국은행/NNG,4,3,1
공금/NNG,1,1,0
인민폐/NNG,2,1,1
한적/NNG,4,2,2
마무리짓/VV,1,1,0
본점/NNG,1,1,0
시간표/NNG,1,1,0
순조/NNG,5,3,2
슝/MAG,2,2,0
청두/NNG,3,3,0
디디/NNG,3,3,0
식당/NNG,6,6,0
평점/NNG,2,1,1
투기/NNG;거품/NNG,2,0,2
위험/NNG;막/VV,1,0,1
온톨로지/NNG,7,0,7
니어/NNG,17,11,6
분간/NNG,3,1,2
신약/NNG,1,0,1
파투/NNG,1,0,1
순매수/NNG,3,2,1
신용평가/NNG,2,1,1
상향/NNG,10,6,4
격렬/NNG,2,1,1
팀워크/NNG,1,0,1
갈라져/VV,1,0,1
숙청/NNG,1,0,1
공유자원/NNG,1,0,1
럭비/NNG,1,0,1
리그/NNG,6,3,3
지적재산권/NNG,7,2,5
트레이드마크/NNG,1,0,1
상표/NNG,2,1,1
달려가/VV,2,1,1
촉매/NNG,8,4,4
오픈시스템/NNG,1,0,1
달려/VV,8,2,6
오픈마켓/NNG,2,0,2
귤/NNG,1,0,1
괴/VV,2,0,2
닷컴기업/NNG,1,0,1
몰락/NNG,1,0,1
풍미/NNG,1,0,1
기틀/NNG,1,0,1
다졌/VV,1,0,1
니어재단/NNG,1,0,1
고안/NNG,8,5,3
기업/NNG;불확실성/NNG,1,0,1
건축학/NNG,1,0,1
역시/NNG,1,0,1
갖춰져야/VV,2,1,1
헤/VV,3,2,1
해산/NNG,2,1,1
확연히/MAG,3,2,1
합쳐져야/VV,1,0,1
고를/VV,1,0,1
물러서/VV,2,0,2
분별/NNG,2,0,2
옮겨심기/NNG,1,0,1
누락/NNG,2,1,1
대출/NNG;한도/NNG;최대/NNG,1,1,0
공급/NNG;확대/NNG,1,1,0
공급/NNG;축소/NNG,1,1,0
수익/NNG;증대/NNG,1,1,0
실적/NNG;좋/VA,1,1,0
치명/NNG,6,5,1
파이낸스/NNG,45,30,15
분할/NNG,6,4,2
과다/NNG,5,3,2
농사/NNG,33,15,18
몸살/NNG,1,1,0
고구마/NNG,1,1,0
차갑/VA,1,1,0
버려졌/VV,1,1,0
우정공사/NNG,1,1,0
증발/NNG,8,6,2
으깨/VV,1,1,0
쥐/VV,7,4,3
탄력/NNG,5,3,2
스케줄/NNG,3,3,0
버그/NNG,21,13,8
영/NNG,12,4,8
분분/NNG,6,4,2
비범/NNG,1,1,0
성취/NNG,1,1,0
순전히/MAG,1,1,0
욜로/NNG,1,1,0
치였/VV,3,2,1
대항마/NNG,2,1,1
도의/NNG,3,3,0
치아/NNG,4,4,0
개체/NNG,2,2,0
토르/NNG,6,6,0
출구/NNG,2,2,0
훔치/VV,1,1,0
픽/NNG,5,2,3
무역장벽/NNG,1,1,0
마찰/NNG,5,2,3
음지/NNG,1,1,0
열기/NNG,8,3,5
듄/NNG,1,1,0
총거래량/NNG,2,1,1
쳤/VV,3,2,1
재현/NNG,3,3,0
오엘/NNG,1,1,0
우드/NNG,5,3,2
잇단/VV,2,2,0
혼잡/NNG,3,1,2
과부하/NNG,3,2,1
본지/NNG,2,2,0
끼쳐/VV,1,1,0
미룬다/VV,1,1,0
근래/NNG,1,1,0
오려/VV,1,1,0
이기/VV,5,4,1
클래식/NNG,17,9,8
동기화/NNG,2,2,0
획기/NNG,5,4,1
갈아타/VV,2,1,1
선망/NNG,1,1,0
인큐베이터/NNG,2,2,0
언젠간/MAG,2,1,1
거둘/VV,4,1,3
스핀/NNG,2,2,0
발행기업/NNG,2,2,0
일어난다/VV,4,3,1
폴리엔/NNG,1,1,0
토키/NNG,6,4,2
쏠림/NNG,1,1,0
완결/NNG,5,4,1
곡괭이/NNG,1,1,0
삽/NNG,1,1,0
다이너마이트/NNG,1,1,0
초창기/NNG,16,14,2
몰두/NNG,1,1,0
생산/NNG;중단/NNG,1,1,0
폭우/NNG,5,3,2
홍수/NNG,3,2,1
방류/NNG,1,1,0
정전/NNG,11,11,0
끊겼/VV,1,1,0
끊/VV,13,4,9
바뀔지/VV,1,1,0
채권/NNG;거래/NNG;늘/VV,1,0,1
걸림돌/NNG;아니/VCN,2,0,2
위험/NNG;우려/NNG,1,0,1
유고/NNG,2,0,2
징표/NNG,1,0,1
검/VA,3,1,2
하오/NNG,6,2,4
서둘/VV,10,7,3
인멸/NNG,1,0,1
회유/NNG,1,0,1
예금자/NNG,1,0,1
인과/NNG,4,2,2
이루어졌었/VV,1,0,1
위생/NNG,1,0,1
채권시장/NNG,3,0,3
가짓수/NNG,5,4,1
견실/NNG,1,0,1
표식/NNG,1,0,1
여럿/NNG,5,3,2
프라임/NNG,4,0,4
공급계약/NNG,1,0,1
젠/NNG,1,0,1
홀로/MAG,8,4,4
하룻밤/NNG,2,1,1
배우/VV,7,4,3
탐험/NNG,3,1,2
라/MAG,1,0,1
유일무이/NNG,1,0,1
금단/NNG,1,0,1
건드리/VV,5,4,1
뗄/VV,2,0,2
석상/NNG,2,1,1
해온/VV,4,2,2
숨구멍/NNG,1,0,1
틔워준/VV,1,0,1
바우처/NNG,26,0,26
쓴다는/VV,1,0,1
실물화폐/NNG,2,1,1
쓰임/NNG,2,1,1
서면/NNG,4,0,4
연소득/NNG,1,0,1
부재/NNG,7,2,5
끈질기/VA,3,2,1
협상력/NNG,1,0,1
시험대/NNG,3,2,1
투어/NNG,4,1,3
폐회로/NNG,1,0,1
소방서/NNG,1,0,1
비피/NNG,1,0,1
고등어/NNG,1,0,1
아귀/NNG,1,0,1
수산물/NNG,1,0,1
양륙/NNG,1,0,1
문호/NNG,1,0,1
케이에스/NNG,6,3,3
지역상/NNG,1,0,1
생형/NNG,1,0,1
시민증/NNG,2,1,1
문증/NNG,3,1,2
다자녀/NNG,1,0,1
산서/NNG,1,0,1
해운/NNG,1,0,1
농협/NNG,6,4,2
토론자/NNG,3,0,3
성관/NNG,1,0,1
체아/NNG,1,0,1
디아/NNG,1,0,1
쩌/MAG,1,0,1
지부장/NNG,7,0,7
들려준다/VV,1,0,1
투자전략/NNG,4,1,3
기영/NNG,10,4,6
전수/NNG,1,0,1
연단/NNG,1,0,1
좋아했/VV,2,1,1
엔드/NNG,4,3,1
모자람/NNG,1,0,1
겨우/MAG,4,3,1
종영/NNG,1,0,1
개성/NNG,1,0,1
시큰둥/NNG,1,0,1
고사/NNG,3,2,1
본의/NNG,1,0,1
감행/NNG,2,1,1
반년/NNG,2,1,1
한없이/MAG,2,1,1
왕좌/NNG,3,2,1
첫돌/NNG,3,0,3
화로/NNG,1,0,1
물밀/VV,2,0,2
몰려오/VV,3,0,3
들뜨/VV,1,0,1
잠든/VV,1,0,1
가격/NNG;하락/NNG;가속/NNG,1,1,0
경기/NNG;호황/NNG,2,2,0
수익성/NNG;높/VA,1,1,0
위험/NNG;없/VA,2,1,1
자산/NNG;늘/VV,1,1,0
방영/NNG,2,1,1
무난히/MAG,1,1,0
치를/VV,2,1,1
심각히/MAG,1,1,0
역행/NNG,2,2,0
시간대/NNG,2,1,1
중계/NNG,7,3,4
아무쪼록/MAG,1,1,0
댁/MAG,1,1,0
평안/NNG,1,1,0
대출기업/NNG,1,1,0
충원/NNG,5,5,0
커플/NNG,1,1,0
자취/NNG,3,2,1
감췄/VV,2,2,0
미인/NNG,1,1,0
리얼리티/NNG,3,3,0
로브/NNG,1,1,0
래퍼/NNG,8,5,3
카바/NNG,17,1,16
로스/NNG,2,1,1
투표자/NNG,1,1,0
캐리/NNG,4,4,0
스큐/NNG,20,6,14
동인/NNG,1,1,0
파일/VV,17,10,7
불화/NNG,1,1,0
촉망/NNG,1,1,0
원만히/MAG,1,1,0
포춘/NNG,8,3,5
결과물/NNG,5,4,1
일깨워/VV,2,2,0
일침/NNG,1,1,0
냉소/NNG,1,1,0
잠정/NNG,2,1,1
하드/NNG,12,1,11
딜레마/NNG,5,2,3
달러인덱스/NNG,4,1,3
오름/NNG,9,3,6
일드커브/NNG,11,11,0
도입계획/NNG,1,1,0
밝혀진/VV,2,2,0
잠겨/VV,4,2,2
껑충/MAG,1,1,0
무야/NNG,2,1,1
병목/NNG,1,1,0
잡아먹/VV,1,1,0
하마/NNG,1,1,0
수위/NNG,1,1,0
다툰다/VV,1,1,0
영원/NNG,6,3,3
너무나/MAG,6,5,1
지루/NNG,2,1,1
니나/NNG,10,10,0
이민자/NNG,1,1,0
령인/NNG,1,1,0
베이스캠프/NNG,1,1,0
플랜/NNG,9,9,0
패스포트/NNG,5,5,0
마/NNG,1,1,0
니스/NNG,4,3,1
영업점/NNG,4,3,1
무정부/NNG,4,4,0
최상급/NNG,3,3,0
고기/NNG,4,2,2
원할/VV,6,6,0
정육점/NNG,1,1,0
청과류/NNG,1,1,0
소유물/NNG,2,1,1
최상/NNG,6,5,1
다국적기업/NNG,1,1,0
영구/NNG,4,3,1
채/VV,1,1,0
져야/VV,1,1,0
살아간다/VV,1,1,0
거/NNG,3,2,1
허울/NNG,2,2,0
기꺼이/MAG,4,2,2
깃발/NNG,12,11,1
심/VV,15,5,10
옮길/VV,11,10,1
택한다/VV,2,2,0
담가/VV,1,1,0
뿌리/NNG,3,3,0
불렀/VV,5,4,1
피난/NNG,1,1,0
처란/NNG,1,1,0
호라이즌/NNG,3,2,1
바로잡/VV,4,4,0
좁히/VV,3,2,1
남반구/NNG,1,1,0
가난/NNG,3,3,0
만듦으로써/VV,2,1,1
고액자산가/NNG,6,3,3
돌아봤/VV,1,1,0
일생/NNG,1,1,0
온라인시스템/NNG,2,2,0
가라/VV,1,1,0
교도소/NNG,2,1,1
수감/NNG,1,1,0
폭발물/NNG,1,1,0
떠나왔/VV,1,1,0
말소/NNG,2,2,0
섬나라/NNG,1,1,0
이웃/NNG,2,2,0
열대/NNG,1,1,0
낙원/NNG,1,1,0
두드리/VV,2,1,1
냈었/VV,1,1,0
에이전시/NNG,1,1,0
불미/NNG,1,1,0
투자이민/NNG,1,1,0
밸/VV,2,1,1
도운/VV,3,1,2
그중/NNG,9,7,2
저항/NNG,11,5,6
옮긴다면/VV,1,1,0
따가운/VA,1,1,0
갖가지/NNG,1,1,0
한다거나/VV,1,1,0
계산기/NNG,1,1,0
이곳저곳/NNG,1,1,0
누비/VV,1,1,0
바다/NNG,4,4,0
산맥/NNG,1,1,0
양부모/NNG,1,1,0
전기공/NNG,1,1,0
배관공/NNG,1,1,0
오래/NNG,2,2,0
농가/NNG,1,1,0
개조/NNG,1,1,0
자급자족/NNG,1,1,0
목가/NNG,1,1,0
수돗물/NNG,1,1,0
디지털노마드/NNG,1,1,0
대척점/NNG,2,1,1
간섭/NNG,2,1,1
특정지역/NNG,4,2,2
때론/MAG,1,1,0
궁극/NNG,1,1,0
금만/NNG,2,1,1
살아가/VV,8,5,3
일부분/NNG,6,4,2
침체/NNG;벗어나/VV;못하/VX,1,0,1
켜진/VV,1,0,1
홀려/VV,1,0,1
뛰어드/VV,4,2,2
낭패/NNG,1,0,1
몰랐으니/VV,1,0,1
책임져라/VV,1,0,1
은행가/NNG,2,0,2
찾아올/VV,4,1,3
축의금/NNG,2,0,2
금융투자/NNG,9,5,4
국책연구기관/NNG,6,0,6
강동/MAG,1,0,1
자산/NNG;가격/NNG;높/VA,1,0,1
인플레이션/NNG;상승/NNG,1,0,1
인플레이션/NNG;우려/NNG,4,0,4
변동성/NNG;위험/NNG,3,0,3
도이/NNG,4,3,1
기조연설/NNG,4,3,1
딥/NNG,7,6,1
택스/NNG,2,1,1
샷/NNG,1,0,1
오타/NNG,1,0,1
스파/NNG,2,1,1
전환율/NNG,1,0,1
불가역/NNG,3,2,1
어원/NNG,15,4,11
전직/NNG,7,5,2
총책임자/NNG,1,0,1
선순위/NNG,1,0,1
조달액/NNG,1,0,1
고/VV,2,1,1
다뤘/VV,5,3,2
치/NNG,1,0,1
햄/NNG,1,0,1
겸임/NNG,2,0,2
연상/NNG,2,0,2
불러온/VV,2,0,2
메트로폴리스/NNG,2,0,2
비잔티움/NNG,1,0,1
지어야/VV,3,2,1
시작점/NNG,1,0,1
캐/VV,9,3,6
일정량/NNG,1,0,1
과도기/NNG,1,0,1
비콘/NNG,13,6,7
딩/NNG,9,3,6
데이터베이스관리시스템/NNG,1,0,1
다발/NNG,4,2,2
벌써/MAG,5,3,2
솔리/NNG,1,0,1
자바스크립트/NNG,1,0,1
꿈꿨/VV,1,0,1
다듬/VV,1,0,1
탈린/NNG,1,0,1
산적/NNG,1,0,1
어소/NNG,2,1,1
드러낼/VV,1,0,1
꾸려간다는/VV,2,0,2
픽처/NNG,1,0,1
남구/NNG,1,0,1
도심/NNG,1,0,1
중심지/NNG,1,0,1
도심형/NNG,1,0,1
산림/NNG,1,0,1
복음/NNG,2,0,2
산병/NNG,1,0,1
모아/NNG,2,0,2
상생/NNG,5,1,4
숙박업소/NNG,5,1,4
귀국/NNG,1,0,1
눈여겨/VV,5,2,3
어색/NNG,2,1,1
임진/NNG,1,0,1
의약/NNG,1,0,1
계장/NNG,5,0,5
고루/MAG,3,2,1
퍼뜨릴/VV,1,0,1
암/NNG,3,2,1
중증/NNG,2,1,1
치료비/NNG,1,0,1
들어온다/VV,3,1,2
사용률/NNG,2,1,1
돈뭉치/NNG,1,0,1
뭉칫돈/NNG,1,0,1
관광지/NNG,1,0,1
무기명/NNG,1,0,1
청해/NNG,1,0,1
의료비/NNG,2,0,2
진료비/NNG,1,0,1
수술비/NNG,1,0,1
캐쉬백/NNG,3,0,3
만원/NNG,9,2,7
음식점/NNG,1,0,1
쓴다면/VV,2,1,1
일석이조/NNG,2,0,2
위성/NNG,1,0,1
항법/NNG,1,0,1
할인권/NNG,1,0,1
가예산/NNG,2,1,1
도맡/VV,2,0,2
협동조합/NNG,4,1,3
인재/NNG,9,6,3
등용/NNG,1,0,1
상담센터/NNG,2,0,2
들어간다는/VV,2,0,2
생명력/NNG,3,2,1
끊긴다/VV,1,0,1
기대/NNG;반영/NNG;상승/NNG,1,1,0
성장/NNG;전망/NNG;상향/NNG,1,1,0
금/NNG;가격/NNG;떨어/VV,1,1,0
국민소득/NNG;감소/NNG,1,1,0
기대/NNG;증가/NNG,1,1,0
비용/NNG;감소/NNG,2,1,1
비용/NNG;급증/NNG,1,1,0
정책/NNG;자신/NNG,1,1,0
전망/NNG;최대/NNG,1,1,0
생산/NNG;감소/NNG,1,1,0
전망/NNG;오르/VV,1,1,0
길/VA;상승/NNG,1,1,0
종전/NNG,3,2,1
현물시장/NNG,4,1,3
지수가격/NNG,1,1,0
네이멍구/NNG,12,10,2
현장조사/NNG,1,1,0
밝혀냈/VV,1,1,0
시당/NNG,2,1,1
널러/VA,1,1,0
소매거래/NNG,1,1,0
무용지물/NNG,1,1,0
패리티/NNG,1,1,0
상기/NNG,4,3,1
발병/NNG,1,1,0
선원/NNG,2,1,1
바나나/NNG,1,1,0
공화국/NNG,2,2,0
징조/NNG,1,1,0
천리안/NNG,1,1,0
다다랐/VV,2,1,1
날지/VV,1,1,0
와사비/NNG,4,4,0
와비/NNG,1,1,0
사비/NNG,1,1,0
와사/NNG,1,1,0
비월/NNG,1,1,0
조정자/NNG,1,1,0
시브/NNG,2,2,0
릭/NNG,17,7,10
십일조/NNG,1,1,0
들뜬/VV,1,1,0
부리나케/MAG,1,1,0
타전/NNG,1,1,0
경이/NNG,1,1,0
돌변/NNG,1,1,0
초조/NNG,1,1,0
범상/NNG,1,1,0
근심/NNG,3,2,1
애태우/VV,1,1,0
비관/NNG,2,2,0
오이시디/NNG,2,2,0
달력/NNG,1,1,0
자못/MAG,1,1,0
놀라움/NNG,1,1,0
더한다/VV,1,1,0
엄습/NNG,1,1,0
엄중/NNG,4,2,2
그런대로/MAG,1,1,0
기껏해야/MAG,1,1,0
줄어든다는/VV,2,2,0
총예산/NNG,1,1,0
국민소득/NNG,1,1,0
지나간/VV,1,1,0
상처/NNG,1,1,0
추락/NNG,11,7,4
불길/NNG,1,1,0
휘청거리/VV,1,1,0
광경/NNG,1,1,0
진퇴양난/NNG,1,1,0
궁지/NNG,2,2,0
볼모/NNG,1,1,0
계절조정/NNG,1,1,0
조업/NNG,6,4,2
수축/NNG,1,1,0
번지/VV,2,2,0
파급경로/NNG,1,1,0
고한다/VV,1,1,0
미조정/NNG,1,1,0
발작/NNG,1,1,0
토끼/VV,2,2,0
문재/NNG,1,1,0
곤경/NNG,3,1,2
조준/NNG,1,1,0
뿌리박혀/VV,1,1,0
신진대사/NNG,1,1,0
덮쳐/VV,1,1,0
재생산/NNG,1,1,0
파열/NNG,1,1,0
돌이키/VV,2,2,0
도처/NNG,1,1,0
출몰/NNG,1,1,0
급변/NNG,5,2,3
유익/NNG,1,1,0
쓰레기/NNG,1,1,0
다룬다/VV,2,1,1
사상가/NNG,1,1,0
우화/NNG,1,1,0
사슴/NNG,5,5,0
사냥/NNG,7,7,0
합쳐야/VV,1,1,0
길목/NNG,1,1,0
지나간다/VV,1,1,0
배반/NNG,1,1,0
고뇌/NNG,1,1,0
비장/NNG,2,1,1
묘약/NNG,1,1,0
까닭/NNG,2,1,1
틀림없/VA,1,1,0
불능/NNG,1,1,0
일시적/VAX;하락/NNG,2,2,0
기고/NNG,9,7,2
나타낸다고/VV,2,1,1
위인/NNG,10,5,5
위시/NNG,1,1,0
상승장/NNG,40,20,20
살펴야/VV,5,2,3
추/VA,2,1,1
매도량/NNG,1,1,0
홀딩/NNG,2,2,0
시거/NNG,2,2,0
기초/NNG,5,1,4
실행계획/NNG,1,1,0
환경변화/NNG,1,1,0
조달청/NNG,2,1,1
곳/MAG,2,0,2
지능/NNG,4,2,2
수사대/NNG,5,4,1
기업가치/NNG,6,4,2
됐으나/VV,1,0,1
나갔/VV,6,4,2
파토/NNG,1,0,1
성업/NNG,1,0,1
실형/NNG,1,0,1
면해/VV,1,0,1
에이치/NNG,12,11,1
불허/NNG,3,1,2
완강/NNG,1,0,1
본문/NNG,8,0,8
문건/NNG,9,4,5
걸어와/VV,1,0,1
어/NNG,2,0,2
정정/NNG,1,0,1
사과드립니다/VV,2,1,1
로빈/NNG,22,14,8
후드/NNG,19,12,7
젊/VA,7,5,2
멈춘다는/VV,1,0,1
현저/NNG,1,0,1
기승/NNG,3,2,1
재발/NNG,3,1,2
마스터/NNG,4,1,3
게이트웨이/NNG,8,3,5
여분/NNG,5,0,5
로드/NNG,1,0,1
밸/NNG,3,1,2
서/NNG,9,7,2
결함/NNG,4,1,3
트라이/NNG,6,0,6
정규/NNG,1,0,1
박차/NNG,5,0,5
불식/NNG,5,1,4
이상거래/NNG,9,4,5
폭증/NNG,11,3,8
루츠/NNG,1,0,1
자인/NNG,2,0,2
사용량/NNG,15,12,3
서킷브레이커/NNG,2,0,2
정밀/NNG,1,0,1
원자로/NNG,4,0,4
설계도/NNG,2,0,2
변조/NNG,7,1,6
성질/NNG,4,1,3
가드/NNG,4,1,3
사이버테러/NNG,1,0,1
우라늄/NNG,1,0,1
핵폐기물/NNG,1,0,1
노후/NNG,1,0,1
편법/NNG,1,0,1
철강/NNG,2,1,1
호기/NNG,1,0,1
원자력발전/NNG,1,0,1
바르/VV,1,0,1
암시장/NNG,2,1,1
자산/NNG;가격/NNG;물가/NNG;상승/NNG,1,0,1
돈/NNG;벌/VV;어렵/VA,1,0,1
유동성/NNG;확대/NNG,2,0,2
유동성/NNG;작/VA,2,0,2
부작용/NNG;줄/VV,1,0,1
띌까/VV,1,0,1
간접투자상품/NNG,2,0,2
식형/NNG,1,0,1
부동산사모펀드/NNG,1,0,1
공모펀드/NNG,2,0,2
브릭/NNG,6,5,1
가칭/NNG,1,0,1
사고파/VV,6,3,3
중도환매/NNG,1,0,1
불어넣/VV,2,1,1
수익증권/NNG,6,3,3
충돌/NNG,6,2,4
골동품/NNG,1,0,1
몰린다/VV,2,0,2
드러난/VV,1,0,1
픽쳐/NNG,1,0,1
거대기업/NNG,1,0,1
리듬/NNG,2,1,1
스트래티지/NNG,2,0,2
저항선/NNG,13,6,7
숨/NNG,6,4,2
가쁘/VA,1,0,1
고객가치/NNG,1,0,1
토털/NNG,1,0,1
탁행/NNG,3,0,3
자산/NNG;가격/NNG;급락/NNG,1,0,1
가격/NNG;변동성/NNG;작/VA,1,0,1
높/VA;수익률/NNG;높/VA,1,0,1
투자/NNG;걸림돌/NNG,1,0,1
고점/NNG;저점/NNG,3,1,2
변동성/NNG;피하/VV,2,1,1
투자/NNG;촉진/NNG,1,0,1
불확실성/NNG;크/VV,2,1,1
위험/NNG;피하/VV,2,1,1
변동성/NNG;높/VA,4,3,1
변동성/NNG;낮/VA,3,1,2
유동성/NNG;늘/VV,1,0,1
많/VA;위험/NNG,4,2,2
손실/NNG;막/VV,2,1,1
좋/VA;악재/NNG,2,0,2
도해/NNG,3,2,1
도서관/NNG,4,3,1
회원증/NNG,1,0,1
공공시설/NNG,1,0,1
정서/NNG,2,1,1
새삼/MAG,2,1,1
그려지/VV,1,0,1
표준편차/NNG,2,0,2
옵션가격/NNG,3,0,3
본능/NNG,2,0,2
어휘/NNG,1,0,1
짝/NNG,5,2,3
관해선/VV,1,0,1
만회/NNG,4,3,1
메울/VV,1,0,1
마음가짐/NNG,3,1,2
피해야/VV,3,0,3
십상/NNG,1,0,1
꺼린다/VV,1,0,1
변동성지수/NNG,6,1,5
저지를/VV,2,1,1
일어날지/VV,4,0,4
과소평가/NNG,4,3,1
받아들인다/VV,1,0,1
갖춰진/VV,1,0,1
분산투자/NNG,2,0,2
역상/NNG,1,0,1
관관/NNG,1,0,1
콩/NNG,1,0,1
연중무휴/NNG,2,0,2
쉼/NNG,3,1,2
열린다면/VV,1,0,1
닫힐/VV,1,0,1
공휴일/NNG,2,0,2
식이/NNG,3,0,3
닫히/VV,1,0,1
일조/NNG,1,0,1
가중치/NNG,2,0,2
돼선/VV,1,0,1
갈라섰/VV,1,0,1
이겼/VV,2,1,1
위험자산/NNG,14,5,9
단기/NNG;가격/NNG;하락/NNG,1,0,1
변동성/NNG;높/VA;위험/NNG,1,0,1
높/VA;변동성/NNG;높/VA,1,0,1
견인/NNG,8,6,2
크롤/NNG,3,0,3
기술분석/NNG,2,0,2
쿼드/NNG,2,0,2
리가/NNG,2,0,2
소나/NNG,3,0,3
시지/NNG,1,0,1
후두/NNG,1,0,1
지속성/NNG,1,0,1
자금시장/NNG,1,0,1
좀비/NNG,1,0,1
뱅/MAG,7,3,4
크리스/NNG,3,1,2
배신/NNG,1,0,1
규정지/VV,1,0,1
어긋났/VV,1,0,1
이양/NNG,3,0,3
쓰리/NNG,3,0,3
쑤/VV,1,0,1
장일/NNG,1,0,1
풋/NNG,3,2,1
콜옵션/NNG,11,6,5
풋옵션/NNG,17,8,9
버릴/VV,1,0,1
사들여/VV,3,2,1
하한가/NNG,1,0,1
여겨진다는/VV,1,0,1
거쳐가/VV,1,0,1
마쳐야/VV,4,1,3
챙길/VV,1,0,1
황/MAG,2,1,1
끼리/VV,1,0,1
가압류/NNG,3,1,2
밀수/NNG,1,0,1
청부/NNG,2,0,2
정우/NNG,1,0,1
반인륜/NNG,1,0,1
저질렀/VV,2,1,1
텀블러/NNG,1,0,1
사이버범죄/NNG,5,4,1
전중/NNG,1,0,1
훤/NNG,1,0,1
도로/MAG,1,0,1
쯤/NNG,1,0,1
트릭/NNG,1,0,1
템플/NNG,2,0,2
인허가/NNG,6,3,3
발신자/NNG,1,0,1
강구/NNG,2,1,1
위험/NNG;없/VA;않/VX,1,1,0
비용/NNG;낮/VA,2,1,1
들떠서/VV,1,1,0
유심히/MAG,2,1,1
이용률/NNG,3,2,1
금융인/NNG,2,2,0
꿈꾼다면/VV,2,2,0
가져야/VV,4,4,0
록과/NNG,2,2,0
이피/NNG,9,7,2
공정경쟁/NNG,1,1,0
평/NNG,1,1,0
지만/NNG,4,3,1
컴플라이언스/NNG,7,2,5
거칩니다/VV,1,1,0
사라집니다/VV,1,1,0
구직/NNG,1,1,0
면접/NNG,5,5,0
수험생/NNG,1,1,0
출결/NNG,1,1,0
넓힌다고/VV,1,1,0
타운/NNG,1,1,0
탑/NNG,4,1,3
모험/NNG,3,1,2
중국시장/NNG,3,3,0
테마섹홀딩스/NNG,1,1,0
못지/VA,1,1,0
개발은행/NNG,1,1,0
의존도/NNG,3,3,0
금융중심지/NNG,2,1,1
균형추/NNG,1,1,0
옮겨갈/VV,2,1,1
승부/NNG,3,1,2
환경오염/NNG,5,4,1
목표물/NNG,1,0,1
스트론튬/NNG,1,0,1
저먼/NNG,1,0,1
팬시/NNG,1,0,1
지르코늄/NNG,1,0,1
부통령/NNG,1,0,1
운동원/NNG,1,0,1
퍼/VV,4,1,3
캠프/NNG,3,1,2
고발자/NNG,2,0,2
폭로/NNG,4,0,4
개입설/NNG,1,0,1
자산/NNG;가격/NNG;급등/NNG,3,2,1
연체율/NNG;감소/NNG,1,1,0
초고속/NNG;성장/NNG,2,1,1
이자/NNG;유예/NNG,1,1,0
유예/NNG;종료/NNG,1,1,0
나쁘/VA;우려/NNG,1,1,0
높/VA;성장/NNG,2,1,1
플래시/NNG,25,9,16
송고/NNG,3,2,1
용의자/NNG,3,3,0
자유무역지대/NNG,3,3,0
모자/NNG,2,2,0
극심한/VAX,5,5,0
피의자/NNG,9,6,3
사치/NNG,1,1,0
일삼/VV,1,1,0
아가/NNG,1,1,0
탈환/NNG,4,2,2
복사/NNG,5,3,2
후하/VA,1,1,0
조금/NNG,9,6,3
빨아들이/VV,2,2,0
뱀파이어/NNG,1,1,0
맡겨진/VV,2,1,1
뼈/NNG,1,1,0
거/VV,4,4,0
기업가정신/NNG,2,2,0
약간/NNG,3,2,1
오에/NNG,2,2,0
은지/NNG,1,1,0
현시대/NNG,1,1,0
바라볼/VV,2,2,0
영화관/NNG,1,1,0
지로/NNG,2,2,0
뉴노멀/NNG,3,2,1
뽑아낸/VV,2,1,1
격상/NNG,2,1,1
기점/NNG,5,4,1
단연/MAG,3,3,0
동량/NNG,5,4,1
진흥공단/NNG,2,2,0
아이비/NNG,1,1,0
도착지/NNG,1,1,0
종교/NNG,4,4,0
비해선/VV,2,1,1
음식/NNG,2,2,0
식생활/NNG,1,1,0
용품/NNG,1,1,0
수업/NNG,3,3,0
이용금액/NNG,4,3,1
금융업자/NNG,2,2,0
신용카드사/NNG,2,2,0
체크카드/NNG,7,4,3
용액/NNG,7,7,0
카드론/NNG,4,4,0
고신용자/NNG,4,4,0
다중채무/NNG,1,1,0
연체율/NNG,4,3,1
전업/NNG,1,1,0
로켓/NNG,7,5,2
신기루/NNG,2,1,1
초고속/NNG,2,1,1
적힐/VV,1,1,0
물러났/VV,1,1,0
치중/NNG,1,1,0
갉아먹/VV,1,1,0
독차지/NNG,1,1,0
바꿔야/VV,1,1,0
갈까/VV,3,3,0
질의응답/NNG,5,5,0
확언/NNG,2,1,1
상한/NNG,1,1,0
험이/NNG,2,2,0
뮤/NNG,15,1,14
대출/NNG;한도/NNG;축소/NNG;금리/NNG;인상/NNG,1,0,1
신용/NNG;대출/NNG;증가/NNG,2,1,1
신용/NNG;대출/NNG;급증/NNG,2,1,1
신용/NNG;대출/NNG;늘/VV,1,0,1
신용/NNG;대출/NNG;줄/VV,1,0,1
대출/NNG;막/VV,1,0,1
신용융자/NNG,8,0,8
용융/NNG,2,0,2
자액/NNG,3,0,3
다다른/VV,1,0,1
융자/NNG,1,0,1
일시/MAG,1,0,1
신용공여/NNG,3,0,3
자기자본/NNG,2,0,2
합계액/NNG,1,0,1
불어났/VV,2,1,1
조이/VV,1,0,1
나선다는/VV,1,0,1
줄인다고/VV,1,0,1
막차/NNG,1,0,1
여신/NNG,7,1,6
고소득/NNG,1,0,1
고신/NNG,2,1,1
가격/NNG;하방/NNG;압력/NNG,2,0,2
활성화/NNG;효과/NNG,1,0,1
정치/NNG;확산/NNG,1,0,1
매출/NNG;증대/NNG,1,0,1
고용/NNG;증가/NNG,2,1,1
의구심/NNG;크/VV,1,0,1
시스템/NNG;높/VA,1,0,1
변동성/NNG;줄/VV,3,1,2
가격/NNG;높/VV,2,1,1
반티/NNG,2,1,1
연맹/NNG,3,2,1
모방/NNG,4,2,2
절기/NNG,1,0,1
상승도/NNG,4,2,2
부추기/VV,10,4,6
실무자/NNG,2,1,1
추격/NNG,2,0,2
벰/NNG,2,0,2
파이어/NNG,2,0,2
불린다/VV,3,2,1
쌍둥이/NNG,1,0,1
지켜본/VV,1,0,1
드가/VV,1,0,1
꾀했/VV,2,1,1
저지선/NNG,2,0,2
멕/NNG,5,0,5
친근/NNG,1,0,1
킬트/NNG,3,0,3
인고/NNG,1,0,1
안다면/VV,1,0,1
지평/NNG,2,1,1
연다는/VV,1,0,1
기업윤리/NNG,1,0,1
가르친다/VV,1,0,1
글쓰기/NNG,1,0,1
수작/NNG,1,0,1
사라져갈/VV,1,0,1
희망사항/NNG,2,0,2
은닉처/NNG,1,0,1
극적/VAX,4,2,2
해질/VV,1,0,1
소아/NNG,1,0,1
솎/VV,1,0,1
모멘텀/NNG,10,2,8
준다는/VV,2,1,1
수집/VA,1,0,1
점진적/VAX,12,7,5
잉/NNG,1,0,1
대두/NNG,5,2,3
탄압/NNG,1,0,1
억장/NNG,1,0,1
한계점/NNG,2,0,2
오용/NNG,1,0,1
조이/NNG,3,2,1
천재/NNG,2,1,1
똑똑/NNG,3,1,2
흘러간다/VV,1,0,1
유권자/NNG,1,0,1
무해/NNG,1,0,1
저장고/NNG,1,0,1
원서/NNG,3,2,1
모기지/NNG,4,2,2
사익/NNG,1,0,1
단편/NNG,1,0,1
유한책임/NNG,1,0,1
터리/NNG,1,0,1
한한다/VV,2,1,1
역학/NNG,4,2,2
약물/NNG,3,1,2
예견/NNG,4,3,1
냉정히/MAG,1,0,1
맹비난/NNG,2,1,1
긍정/NNG,2,1,1
국책/NNG,1,0,1
단체장/NNG,1,0,1
조정회의/NNG,1,0,1
역경/NNG,1,0,1
효자/NNG,3,1,2
노릇/NNG,2,0,2
톡톡히/MAG,2,0,2
지방행정/NNG,4,0,4
목상/NNG,3,0,3
고용위기지역/NNG,1,0,1
편파/NNG,1,0,1
위배/NNG,6,3,3
야당/NNG,3,2,1
문책/NNG,5,0,5
몰/NNG,1,0,1
찍어누르/VV,1,0,1
언행/NNG,1,0,1
얼빠진/VV,2,0,2
상학/NNG,1,0,1
키운다고/VV,1,0,1
역효과/NNG,2,0,2
비방/NNG,1,0,1
온당/NNG,1,0,1
폄훼/NNG,1,0,1
아깝/VA,1,0,1
혈/NNG,2,1,1
승수효과/NNG,1,0,1
발행금액/NNG,1,0,1
산업연관표/NNG,2,0,2
유발인/NNG,1,0,1
한계소비성향/NNG,1,0,1
가져온/VV,1,0,1
따졌/VV,1,0,1
추계/NNG,1,0,1
전수조사/NNG,4,2,2
마트/NNG,2,1,1
식료품/NNG,2,1,1
소비자후생/NNG,1,0,1
인접/NNG,1,0,1
연쇄효과/NNG,2,1,1
중앙정부/NNG,4,2,2
온누리상품권/NNG,1,0,1
성장/NNG;잠재력/NNG;높/VA,1,0,1
자산/NNG;우려/NNG,1,0,1
우려/NNG;완화/NNG,1,0,1
성황리/NNG,2,0,2
포의/NNG,1,0,1
밑/NNG,9,5,4
전경련/NNG,2,0,2
축사/NNG,6,4,2
펼쳐질지/VV,1,0,1
인호/NNG,1,0,1
붕/NNG,1,0,1
조진/VV,2,1,1
특임/NNG,2,1,1
승환/NNG,3,2,1
발표자/NNG,2,0,2
임부/NNG,1,1,0
클/NNG,4,2,2
확인서/NNG,6,4,2
베이시스/NNG,5,5,0
체파/NNG,1,1,0
무담/NNG,4,4,0
이안/NNG,4,3,1
그로스/NNG,2,2,0
수박/NNG,1,1,0
겉핥기/NNG,1,1,0
연도/NNG,3,2,1
밝혀져/VV,1,1,0
자성/NNG,1,1,0
순서/NNG,10,8,2
뷰어/NNG,1,1,0
예람/NNG,1,1,0
아부/NNG,1,1,0
저널리즘/NNG,3,3,0
비결/NNG,2,2,0
남점/NNG,1,1,0
앙경/NNG,1,1,0
전문지/NNG,1,1,0
우후죽순/NNG,1,1,0
상방/NNG,8,2,6
의아/NNG,3,2,1
우물/NNG,1,1,0
꾸준/NNG,4,3,1
싱겁/VA,1,1,0
교과서/NNG,1,1,0
랙/NNG,1,1,0
트랙/NNG,2,2,0
유능/NNG,3,3,0
훈련/NNG,3,3,0
택했/VV,5,4,1
숙련/NNG,3,3,0
조직력/NNG,1,1,0
해치/VV,3,3,0
부스/NNG,2,1,1
쇄도/NNG,1,1,0
회고/NNG,1,1,0
깔/VV,2,1,1
전폭/NNG,1,1,0
신문사/NNG,3,3,0
사회부/NNG,1,1,0
탐사/NNG,4,3,1
산업부/NNG,1,1,0
오피니언/NNG,1,1,0
창간/NNG,4,4,0
두꺼운/VA,1,1,0
맞물린다는/VV,1,1,0
새로웠/VA,1,1,0
직감/NNG,1,1,0
템포/NNG,1,1,0
더해갈/VA,1,1,0
생깁니다/VV,1,1,0
맞춰져/VV,2,1,1
트랜스/NNG,2,2,0
포메이션/NNG,1,1,0
토크/NNG,2,2,0
잇닿/VV,1,1,0
판다는/VV,3,1,2
판다/NNG,3,3,0
혁/NNG,2,2,0
신부/NNG,2,2,0
표준시/NNG,1,1,0
일절/MAG,3,2,1
처사/NNG,2,2,0
부스트/NNG,2,1,1
뒤떨어진/VV,1,1,0
경시/NNG,1,1,0
중재협회/NNG,1,1,0
회부/NNG,2,1,1
빌려줄/VV,1,1,0
먹통/NNG,4,4,0
채담/NNG,3,3,0
룸/NNG,4,4,0
덩그러/VV,1,1,0
기다렸/VV,3,3,0
어느덧/MAG,3,2,1
헉헉거리/VV,1,1,0
붉/VA,3,2,1
연신/MAG,1,1,0
넌지시/MAG,1,1,0
이것저것/NNG,1,1,0
펼쳐/VV,2,1,1
부렸/VV,1,1,0
문어발/NNG,2,2,0
명가/NNG,1,1,0
곧이어/MAG,1,1,0
무턱대고/MAG,2,2,0
비대칭/NNG,2,1,1
벗겨서/VV,1,1,0
사각형/NNG,3,1,2
껄껄/MAG,1,1,0
퍼트린/VV,1,1,0
다녔/VV,1,1,0
진짜로/MAG,1,1,0
언어/NNG,6,5,1
독일어/NNG,1,1,0
붙인/VV,1,1,0
거든/VV,1,1,0
어쩐지/MAG,1,1,0
뜬금없/VA,1,1,0
느껴진다/VV,2,2,0
섣불/VV,1,1,0
언뜻/MAG,3,3,0
별거/NNG,1,1,0
산파/NNG,1,1,0
손가락/NNG,1,1,0
뜸/NNG,2,2,0
뜯어고칠/VV,1,1,0
문어/NNG,1,1,0
발식/NNG,1,1,0
혀/NNG,1,1,0
두를/VV,1,1,0
리서치팀/NNG,2,2,0
얽매이/VV,1,1,0
옥텟/NNG,4,4,0
번다고/VV,1,1,0
자금/NNG;빠지/VV,2,1,1
퇴직/NNG,5,5,0
에르/NNG,4,4,0
엿본다/VV,1,1,0
짝퉁/NNG,1,1,0
패소/NNG,1,1,0
상해/VV,1,1,0
상표권/NNG,1,1,0
울/NNG,1,1,0
팩트/NNG,2,2,0
오버/NNG,1,1,0
이따금/MAG,2,2,0
독지가/NNG,1,1,0
댄다/VV,1,1,0
맡겼/VV,2,2,0
거센/VA,3,2,1
벌인/VV,2,2,0
풍년/NNG,1,1,0
가격/NNG;인상/NNG,4,1,3
햇수/NNG,1,1,0
명절/NNG,1,1,0
긋/VV,1,1,0
파문/NNG,1,1,0
페리/NNG,1,1,0
전자정부/NNG,2,2,0
단단/NNG,1,1,0
레벨/NNG,2,1,1
대납/NNG,2,1,1
넓힌다는/VV,1,1,0
컴퓨터바이러스/NNG,1,1,0
송환/NNG,1,1,0
차명/NNG,2,2,0
징역형/NNG,2,1,1
처해진다/VV,1,1,0
금품/NNG,1,1,0
불러일으켰/VV,2,2,0
환수/NNG,3,3,0
맥아/NNG,1,1,0
자유당/NNG,1,1,0
출마/NNG,2,2,0
금리/NNG;대출/NNG;활성화/NNG,1,1,0
가계/NNG;부채/NNG;증가/NNG,1,1,0
대출/NNG;증가/NNG;아니/VCN,1,1,0
성장/NNG;경고/NNG,1,1,0
대출/NNG;확장/NNG,1,1,0
이탈/NNG;높/VA,1,1,0
위험/NNG;작/VA,1,1,0
대출/NNG;늘/VV,1,1,0
대출/NNG;높/VA,1,1,0
뜰까/VV,1,1,0
궁금증/NNG,5,5,0
국법/NNG,2,2,0
트래킹/NNG,2,2,0
연애/NNG,2,2,0
어때/VA,2,1,1
기종/NNG,3,1,2
액션/NNG,1,1,0
실직/NNG,2,2,0
명정/NNG,1,1,0
사회적합의/NNG,2,2,0
이해부족/NNG,1,1,0
고객수/NNG,6,2,4
환호/NNG,1,1,0
식수/NNG,1,1,0
울린/VV,1,1,0
영상회의/NNG,1,1,0
중장기/NNG,5,3,2
순증/NNG,1,1,0
놀란/VV,1,1,0
일반은행/NNG,2,2,0
참여연대/NNG,1,1,0
은행원/NNG,1,1,0
지아이/NNG,1,1,0
정책금융/NNG,1,1,0
사잇돌대출/NNG,4,4,0
우량등급/NNG,1,1,0
서민/NNG,1,1,0
햇살론/NNG,1,1,0
중신용자/NNG,1,1,0
가만/MAG,1,1,0
고만/MAG,1,1,0
중신/NNG,1,1,0
떼일/VV,1,1,0
성패/NNG,1,1,0
달릴/VV,1,1,0
가격/NNG;상승/NNG;가능성/NNG;높/VA,1,1,0
물량/NNG;가격/NNG;상승/NNG,1,1,0
금융안정/NNG;훼손/NNG,1,1,0
지표/NNG;안정/NNG,1,1,0
지수/NNG;상승/NNG,3,3,0
새롭/VA;위험/NNG,1,1,0
갑론을박/NNG,3,2,1
수락/NNG,3,1,2
희망퇴직/NNG,2,2,0
마무리/MAG,1,1,0
행단/NNG,1,1,0
추석/NNG,2,2,0
매크로/NNG,2,1,1
소량/NNG,1,1,0
량도/NNG,1,1,0
증가량/NNG,1,1,0
횡/NNG,5,4,1
공식화/NNG,2,2,0
시중/NNG;자금/NNG;흡수/NNG,1,0,1
투자금액/NNG;넘/VV,1,0,1
거품/NNG;심각/NNG,1,0,1
성장/NNG;둔화/NNG,1,0,1
촉박/NNG,1,0,1
존속/NNG,2,1,1
의원실/NNG,4,2,2
앞부분/NNG,1,0,1
신조어/NNG,1,0,1
저금리/NNG,5,2,3
흡수/NNG,2,1,1
몸집/NNG,2,1,1
눈먼/VV,1,0,1
망연자실/NNG,1,0,1
원금손실/NNG,1,0,1
까먹/VV,1,0,1
김치/NNG,2,0,2
핫도그/NNG,1,0,1
장난/NNG,3,2,1
단/VV,1,0,1
유인책/NNG,4,2,2
지면/NNG,21,12,9
특집/NNG,10,6,4
정답/NNG,1,0,1
서치/NNG,1,0,1
자유자재/NNG,1,0,1
남녀/NNG,1,0,1
맛/NNG,3,2,1
잠금효과/NNG,3,1,2
셈법/NNG,1,0,1
장악력/NNG,1,0,1
다채/NNG,1,0,1
뛰어든/VV,7,3,4
쿠페/NNG,1,0,1
타기팅/NNG,1,0,1
배너광고/NNG,1,0,1
소비성향/NNG,2,1,1
특기/NNG,2,0,2
불망/NNG,1,0,1
득공/NNG,1,0,1
화의/NNG,6,2,4
격화/NNG,1,0,1
대차/NNG,1,0,1
놀라/VV,1,0,1
만드실/VV,1,0,1
다져/VV,1,0,1
유통사업/NNG,1,0,1
시게루/NNG,1,0,1
사토/NNG,1,0,1
수케/NNG,1,0,1
왔으며/VV,1,0,1
결합성/NNG,2,1,1
탄토/NNG,2,0,2
상품선물/NNG,2,0,2
클리어링하우스/NNG,1,0,1
계시/NNG,4,2,2
기준일/NNG,6,3,3
기다려왔/VV,1,0,1
필적/NNG,2,0,2
유물/NNG,1,0,1
브레인/NNG,3,0,3
머/VA,1,0,1
잊어버릴/VV,1,0,1
중개회사/NNG,2,1,1
난다는/VV,1,0,1
벨로시티/NNG,1,0,1
가격/NNG;많이/MAG;오르/VV,2,2,0
가격/NNG;변동성/NNG;줄/VV,2,1,1
가격/NNG;변동성/NNG;낮/VA,3,1,2
비용/NNG;상승/NNG,2,1,1
최대/NNG;감소/NNG,1,1,0
소비/NNG;촉진/NNG,1,1,0
생존/NNG;어렵/VA,1,1,0
장터/NNG,11,10,1
윈도/NNG,5,5,0
읍소/NNG,1,1,0
판박이/NNG,1,1,0
송정/NNG,1,1,0
토종/NNG,1,1,0
무/VV,1,1,0
연합회/NNG,3,2,1
인건비/NNG,2,2,0
원가/NNG,1,1,0
계문/NNG,1,1,0
영업이익률/NNG,2,2,0
그친다는/VV,1,1,0
꺼린/VV,1,1,0
사악/NNG,1,1,0
본색/NNG,1,1,0
파수/NNG,1,1,0
연이/VV,4,2,2
으름장/NNG,1,1,0
귓등/NNG,1,1,0
흘리/VV,1,1,0
소재부품/NNG,1,1,0
문민정부/NNG,1,1,0
재촉/NNG,1,1,0
국감/NNG,6,6,0
벼르/VV,1,1,0
성의/NNG,1,1,0
기댈/VV,1,1,0
파업/NNG,2,2,0
연차/NNG,1,1,0
불결/NNG,1,1,0
속결/NNG,1,1,0
퍼시픽/NNG,6,6,0
아틀란티스/NNG,1,1,0
백만장자/NNG,1,1,0
페이퍼/NNG,1,1,0
로펌/NNG,4,4,0
비밀문서/NNG,1,1,0
소여/NNG,1,1,0
험자/NNG,1,1,0
페이스/NNG,3,3,0
플로어/NNG,2,1,1
유피/NNG,1,1,0
바름/VV,1,1,0
멀티채널/NNG,1,1,0
바야흐로/MAG,1,1,0
계절/NNG,2,2,0
스페인독감/NNG,1,1,0
한꺼번에/MAG,4,2,2
재앙/NNG,1,1,0
산불/NNG,1,1,0
잦/VA,2,2,0
허리케인/NNG,1,1,0
신음/NNG,1,1,0
바라본다면/VV,1,1,0
예민/NNG,1,1,0
맨날/MAG,1,1,0
쌈박질/NNG,1,1,0
정치판/NNG,1,1,0
지긋지긋하/VA,1,1,0
좌절/NNG,3,2,1
종업원/NNG,1,1,0
실업급여/NNG,1,1,0
손님/NNG,1,1,0
의욕/NNG,1,1,0
꺾/VV,9,5,4
지급액/NNG,1,1,0
피부색/NNG,1,1,0
이골/NNG,1,1,0
교실/NNG,1,1,0
시기상조/NNG,3,1,2
목숨/NNG,2,2,0
장문/NNG,1,1,0
퇴직금/NNG,4,2,2
부르짖/VV,1,1,0
배타/NNG,2,1,1
일갈/NNG,1,1,0
사표/NNG,1,1,0
피해갈/VV,2,1,1
뜬금없이/MAG,1,1,0
펼쳐진/VV,2,1,1
정치/VV,1,1,0
대개/NNG,1,1,0
그려진다/VV,1,1,0
악/NNG,3,3,0
혐오/NNG,3,3,0
고착화/NNG,4,3,1
계인/NNG,4,4,0
건너뛸/VV,1,1,0
외친/VV,1,1,0
물고기/NNG,1,1,0
지표/NNG;최악/NNG,1,1,0
결재/NNG,2,2,0
처장/NNG,1,1,0
정무/NNG,1,1,0
여겨진다/VV,7,5,2
끝낸/VV,2,2,0
칭찬/NNG,2,2,0
모은다/VV,4,3,1
다뤄져야/VV,1,1,0
명백히/MAG,1,1,0
졌/VV,2,2,0
오로지/MAG,1,1,0
런던증권거래소/NNG,1,1,0
소외층/NNG,1,1,0
신용조합/NNG,1,1,0
한껏/MAG,2,2,0
부풀어올랐/VV,1,1,0
지난번/NNG,2,1,1
정법/NNG,3,3,0
표본/NNG,1,1,0
손꼽/NNG,1,1,0
시름/NNG,1,1,0
어김없이/MAG,1,1,0
발란/NNG,6,4,2
노라/NNG,1,1,0
대출/NNG;시장/NNG;활성화/NNG,2,1,1
우려/NNG;목소리/NNG;많/VA,1,0,1
자본/NNG;유출/NNG;막/VV,1,0,1
시스템/NNG;위험/NNG,1,0,1
은행/NNG;부담/NNG,2,0,2
통화/NNG;확대/NNG,3,1,2
공포/NNG;빠지/VV,1,0,1
인덱스/NNG,3,0,3
구독/NNG,7,2,5
들떠/VV,2,1,1
중화/NNG,2,0,2
청구서/NNG,1,0,1
넓혔/VV,1,0,1
자료집/NNG,1,0,1
래드/NNG,2,0,2
유입량/NNG,7,1,6
생중/NNG,2,1,1
과매수/NNG,12,4,8
전략팀/NNG,1,0,1
교묘/NNG,2,0,2
호/MAG,3,0,3
불수리/NNG,2,0,2
입김/NNG,2,1,1
접/VV,7,3,4
굶/VV,1,0,1
봐왔/VV,1,0,1
돈줄/NNG,1,0,1
조직원/NNG,2,1,1
센/NNG,14,12,2
트레이드오프/NNG,1,0,1
사회적비용/NNG,1,0,1
소외/NNG,5,0,5
부추긴다/VV,1,0,1
저개발국/NNG,1,0,1
카르텔/NNG,1,0,1
연안/NNG,2,1,1
환거래/NNG,2,0,2
탁하/VV,1,0,1
든다는/VV,2,1,1
존립/NNG,1,0,1
감시자/NNG,1,0,1
떨/VV,1,0,1
선봉대/NNG,1,0,1
게이트키핑/NNG,1,0,1
원정/NNG,4,2,2
시스템설계/NNG,2,1,1
받아들인다면/VV,1,0,1
왓슨/NNG,1,0,1
치러야/VV,1,0,1
리스크온/NNG,1,0,1
결부/NNG,1,0,1
통화전쟁/NNG,1,0,1
매겨진다/VV,2,1,1
순환적/VAX,1,0,1
바스켓/NNG,3,2,1
시각화/NNG,1,0,1
믿음/NNG,13,10,3
위안화지수/NNG,3,0,3
여길/VV,1,0,1
원한/VV,2,1,1
페그/NNG,1,0,1
수출기업/NNG,1,0,1
어필/NNG,1,0,1
반향/NNG,3,2,1
데인/VV,1,1,0
찍히/VV,1,1,0
이토록/MAG,1,1,0
돌이켜/VV,1,1,0
폐해/NNG,1,1,0
포지티브/NNG,1,1,0
들으면서/VV,1,1,0
가계/NNG;금융자산/NNG;증가/NNG,1,0,1
자산/NNG;비중/NNG;상승/NNG,1,0,1
가격/NNG;상승/NNG;과도/NNG,1,0,1
소비/NNG;지출/NNG;줄/VV,1,0,1
가격/NNG;지나치/VA;높/VA,1,0,1
소득/NNG;감소/NNG,2,0,2
가격/NNG;회복/NNG,6,2,4
자산/NNG;많/VA,1,0,1
투자/NNG;줄/VV,2,1,1
대물림/NNG,1,0,1
총금융자산/NNG,1,0,1
초고/NNG,5,0,5
자산가/NNG,1,0,1
부를/VV,4,2,2
부의/NNG,1,0,1
변형/NNG,3,1,2
스테이션/NNG,8,0,8
우기/NNG,4,1,3
막바지/NNG,2,0,2
프라이스/NNG,1,0,1
포지/NNG,3,0,3
재건/NNG,1,0,1
크리스틴/NNG,1,0,1
모이/NNG,1,0,1
안착/NNG,6,2,4
고규/NNG,1,0,1
디비/NNG,1,0,1
위정/NNG,1,0,1
박식/NNG,1,0,1
매트릭스/NNG,3,1,2
뇌/NNG,3,1,2
존엄성/NNG,1,0,1
저평가/NNG,1,0,1
치인/NNG,3,1,2
변할/VV,1,0,1
기업/NNG;부담/NNG,1,0,1
실적/NNG;증가/NNG,1,0,1
강하/VA;우려/NNG,1,0,1
온도차/NNG,3,1,2
착실히/MAG,1,0,1
저렇/VA,1,0,1
판가름/NNG,1,0,1
하여금/MAG,2,1,1
난감/NNG,2,0,2
후년/NNG,2,0,2
공기업/NNG,3,1,2
표명/NNG,9,3,6
묵시/NNG,1,0,1
후순위/NNG,1,0,1
밀려버린/VV,1,0,1
신호탄/NNG,1,0,1
건재/NNG,2,1,1
이강/NNG,2,0,2
박설/NNG,1,0,1
매기/NNG,1,0,1
존/NNG,7,4,3
찬성표/NNG,1,0,1
가결/NNG,4,1,3
정족수/NNG,2,0,2
모자라/VV,1,0,1
업인/NNG,1,0,1
빼돌렸/VV,2,0,2
필두/NNG,2,1,1
측은/NNG,1,0,1
들여올/VV,1,0,1
유례/NNG,1,0,1
뒤바뀌/VV,1,0,1
벤모/NNG,4,2,2
축구팀/NNG,2,1,1
파트너쉽/NNG,3,3,0
조우/NNG,3,3,0
우승/NNG,4,3,1
완이/NNG,2,2,0
행법/NNG,1,1,0
학계/NNG,7,6,1
부쳐질/VV,1,1,0
고작/MAG,4,2,2
생산시설/NNG,1,1,0
갑부/NNG,2,2,0
지분비율/NNG,1,1,0
감추/VV,5,4,1
비바체/NNG,1,1,0
논한다/VV,2,2,0
청사진/NNG,2,2,0
투자/NNG;성과/NNG;높/VA,1,0,1
위험자산군/NNG,1,0,1
틀니/NNG,1,0,1
폭행/NNG,1,0,1
당해서/VV,1,0,1
이빨/NNG,1,0,1
해꼬지/NNG,1,0,1
앰버/NNG,3,1,2
손꼽히/VV,4,1,3
옥/NNG,1,0,1
긍정적/VAX;영향/NNG;줄/VV,1,1,0
자산/NNG;거품/NNG,2,1,1
해치/NNG,12,7,5
한도설정/NNG,1,1,0
화이트리스팅/NNG,1,1,0
직토/NNG,1,1,0
중심축/NNG,1,1,0
넘어갈지/VV,1,1,0
메이트/NNG,3,3,0
장춘/NNG,2,2,0
침식/NNG,1,1,0
동전/NNG,8,7,1
상충관계/NNG,1,1,0
허물/VV,1,1,0
파급/NNG,3,1,2
모인다/VV,1,1,0
근거리무선통신/NNG,1,1,0
사기/VV,3,2,1
전고/NNG,3,2,1
점인/NNG,7,4,3
바라봤/VV,1,1,0
먹거리/NNG,3,1,2
탁업/NNG,2,1,1
수탁은행/NNG,1,1,0
금도/NNG,4,4,0
변동성/NNG;심하/VA,2,2,0
물가/NNG;상승/NNG,4,3,1
지표/NNG;살피/VV,1,1,0
위험/NNG;작/VV,2,2,0
몰수/NNG,9,7,2
키노트/NNG,2,2,0
스타트/NNG,1,1,0
간결/NNG,3,3,0
안청/NNG,2,2,0
부치/VV,1,1,0
대부/NNG,5,5,0
스테이크/NNG,6,3,3
바이슨/NNG,4,1,3
피그/NNG,3,1,2
빈도/NNG,3,2,1
어젯밤/NNG,1,1,0
조정국면/NNG,2,1,1
재탈환/NNG,1,1,0
출력/NNG,1,1,0
거스름돈/NNG,1,1,0
가질까/VV,1,1,0
포악/NNG,1,1,0
살인적/VAX,1,1,0
불안정성/NNG,1,1,0
실종/NNG,1,0,1
퀘/NNG,1,0,1
파산법/NNG,1,0,1
했으나/VV,4,3,1
이면/NNG,1,0,1
나물/NNG,1,0,1
마라톤/NNG,6,1,5
아크로폴리스/NNG,4,0,4
노바/NNG,1,0,1
와이/NNG,3,2,1
감사추적/NNG,1,0,1
틱/MAG,2,1,1
덱/NNG,6,5,1
산업/NNG;위축/NNG,1,1,0
자산/NNG;위험/NNG,1,1,0
우려/NNG;그러/VV,1,1,0
기본법/NNG,2,2,0
파인/NNG,5,5,0
예외적/VAX,3,1,2
정과/NNG,1,1,0
기업인/NNG,2,1,1
고시/NNG,3,3,0
저우/NNG,3,3,0
안식처/NNG,2,2,0
협력사/NNG,5,4,1
금/NNG;가격/NNG;오르/VV,1,1,0
가격/NNG;오르/VV;그치/VV,1,1,0
심각/NNG;훼손/NNG,1,1,0
슬러시/NNG,1,1,0
공표/NNG,2,1,1
참여의사/NNG,1,1,0
시안/NNG,1,1,0
연례회의/NNG,1,1,0
묶일/VV,1,1,0
발길/NNG,2,1,1
기업연합/NNG,1,1,0
사일로/NNG,1,1,0
차익거래/NNG,9,3,6
고소장/NNG,2,1,1
명백/NNG,5,2,3
다분/NNG,1,1,0
채권/NNG;발행/NNG;중단/NNG,1,1,0
가격/NNG;변동성/NNG;크/VV,2,1,1
지하층/NNG,1,1,0
빌딩/NNG,2,2,0
역삼/NNG,2,2,0
배정/NNG,3,2,1
배당기준일/NNG,1,1,0
무난/NNG,1,1,0
야권/NNG,1,1,0
후안/NNG,1,1,0
벤치마크/NNG,1,1,0
빼돌려/VV,1,1,0
도덕/NNG,2,1,1
메트로폴리탄/NNG,1,1,0
기폭/NNG,1,1,0
한몫/NNG,2,2,0
본드/NNG,1,1,0
터치/NNG,4,3,1
차입/NNG,7,5,2
롱포지션/NNG,4,3,1
부추겨/VV,2,1,1
연습생/NNG,1,1,0
흥행/NNG,5,5,0
인기리/NNG,1,1,0
등용문/NNG,1,1,0
네티즌/NNG,2,2,0
들통/NNG,2,1,1
범행/NNG,1,1,0
팬클럽/NNG,1,1,0
왈가왈부/NNG,1,1,0
이닝/NNG,4,4,0
명기/NNG,1,1,0
프리마/NNG,2,2,0
빙의/NNG,1,1,0
사업계획서/NNG,1,1,0
황당/NNG,2,2,0
숨긴/VV,1,1,0
노래/NNG,2,2,0
거리낌/NNG,1,1,0
어련히/MAG,1,1,0
공론/NNG,2,1,1
무사/NNG,4,2,2
법무사/NNG,1,0,1
시드/VV,3,0,3
가시/NNG,3,0,3
환경/NNG;부담/NNG,1,0,1
새롭/VA;성장/NNG,2,1,1
성장전략/NNG,1,0,1
발/VA,1,0,1
이사장/NNG,6,4,2
좌장/NNG,1,0,1
동국/NNG,2,1,1
이근/NNG,1,0,1
산국/NNG,1,0,1
견줄/VV,1,0,1
헥시트/NNG,1,0,1
금융허브/NNG,1,0,1
표했/VV,2,1,1
나기/NNG,2,0,2
근본정신/NNG,1,0,1
몰살/NNG,1,0,1
서랍/NNG,1,0,1
접힌/VV,1,0,1
밝혀야/VV,1,0,1
유산/NNG,1,0,1
불러오/VV,3,1,2
우루/NNG,1,0,1
콥/NNG,6,0,6
사적/NNG,4,1,3
기하/NNG,1,0,1
받아들여야/VV,2,0,2
끓어오르/VV,1,0,1
로비스트/NNG,1,0,1
소프트파워/NNG,1,0,1
사법부/NNG,2,0,2
떠올린다/VV,1,0,1
조용히/MAG,4,2,2
잉여/NNG,2,1,1
과반/NNG,1,0,1
이단/NNG,1,0,1
합작/NNG,2,1,1
상장회사/NNG,2,0,2
가격/NNG;절하/NNG,1,1,0
존망/NNG,1,1,0
전고점/NNG,4,4,0
랜섬웨어/NNG,18,7,11
부릴/VV,1,1,0
구겐하임/NNG,10,7,3
티커/NNG,2,2,0
월별/NNG,5,1,4
상회/NNG,8,3,5
월임/NNG,1,1,0
소득금액/NNG,3,1,2
떠납니다/VV,2,2,0
가집니다/VV,1,1,0
다녀온/VV,1,1,0
젠더/NNG,3,3,0
감수성/NNG,1,1,0
낙/NNG,1,1,0
반말/NNG,1,1,0
음/NNG,1,1,0
억지로/MAG,1,1,0
자평/NNG,1,1,0
성희롱/NNG,1,1,0
성추행/NNG,1,1,0
미비/NNG,6,2,4
공감/NNG,3,2,1
성별/NNG,1,1,0
면죄부/NNG,1,1,0
실천/NNG,3,3,0
지양/NNG,1,1,0
프렌들리/NNG,1,1,0
가이드/NNG,8,4,4
도도/NNG,2,2,0
강령/NNG,2,2,0
액티브/NNG,2,0,2
유효기간/NNG,3,2,1
금융안정/NNG;위험/NNG,1,1,0
성장/NNG;아니/VCN,1,1,0
상승률/NNG;웃돌/VV,1,1,0
댄/NNG,4,1,3
앞당겼/VV,1,1,0
전용상품/NNG,1,1,0
기업카드/NNG,1,1,0
시더/NNG,1,1,0
목표액/NNG,2,2,0
이래/NNG,1,1,0
일어난다는/VV,1,1,0
체어/NNG,2,2,0
스크립트/NNG,2,2,0
교육자/NNG,1,1,0
빌미/NNG,3,3,0
비스무트/NNG,1,1,0
트로이목마/NNG,1,1,0
부수입/NNG,1,1,0
알아채/VV,1,1,0
웃돌/VV,15,7,8
모소/NNG,1,1,0
해봐도/VV,1,1,0
디엠/NNG,16,12,4
최고법률책임자/NNG,2,1,1
준법/NNG,3,3,0
솜/NNG,1,1,0
비밀리/NNG,1,1,0
이루어져/VV,2,2,0
부딪히/VV,1,1,0
통화바스켓/NNG,4,4,0
꾀하/VV,5,3,2
노비/NNG,9,7,2
바꾼다/VV,1,1,0
지도부/NNG,5,5,0
원래/NNG,2,2,0
뭇매/NNG,1,1,0
편안/NNG,1,1,0
급박/NNG,1,1,0
가격/NNG;밀/VV;오르/VV,1,1,0
통화/NNG;팽창/NNG,1,1,0
차기/NNG,2,1,1
갈린다/VV,1,1,0
팽창/NNG,2,2,0
추켜/VV,1,1,0
무용론/NNG,1,1,0
대차대조표/NNG;확대/NNG,1,1,0
정책/NNG;불확실성/NNG,1,1,0
위기/NNG;위험/NNG,1,1,0
위험/NNG;증폭/NNG,1,1,0
에이다/NNG,4,3,1
락/NNG,4,3,1
뺄/VV,1,1,0
전설/NNG,9,9,0
거물급/NNG,2,2,0
설전/NNG,2,2,0
신봉자/NNG,2,2,0
재미난/VA,2,2,0
승리/NNG,5,4,1
망가뜨릴/VV,3,3,0
순금/NNG,1,1,0
금괴/NNG,1,1,0
받아들여진다/VV,2,2,0
가분/NNG,2,2,0
덩이/NNG,1,1,0
운반/NNG,2,2,0
소행성/NNG,1,1,0
뛰어날/VA,1,1,0
가분성/NNG,1,1,0
충분조건/NNG,1,1,0
백금/NNG,2,1,1
귀금속/NNG,1,1,0
유구/NNG,1,1,0
미다스/NNG,1,1,0
동화/NNG,1,1,0
엘도라도/NNG,1,1,0
정복/NNG,2,2,0
동의어/NNG,1,1,0
아름다운/VA,2,1,1
아름다움/VA,1,1,0
동일시/NNG,1,1,0
관습/NNG,1,1,0
반짝이/VV,1,1,0
무형/NNG,2,1,1
발명품/NNG,4,4,0
합해/VV,2,1,1
집합/NNG,2,1,1
편성/NNG,5,1,4
들여야/VV,1,1,0
포진/NNG,2,1,1
불러일으키/VV,1,1,0
볼드/NNG,4,2,2
사로잡/VV,2,2,0
생각난다/VV,2,2,0
생각나/VV,1,1,0
으/NNG,3,3,0
사들였으며/VV,1,1,0
사들인다는/VV,2,1,1
니퍼/NNG,1,1,0
설/VV,2,2,0
근절/NNG,2,1,1
매진/NNG,3,2,1
유심/NNG,4,4,0
성장/NNG;저해/NNG,1,0,1
피해/NNG;방지/NNG,4,2,2
되돌려야/VV,2,0,2
당선인/NNG,8,0,8
렙/NNG,1,0,1
미시/NNG,1,0,1
사추/NNG,5,2,3
테더링/NNG,1,0,1
시행법/NNG,1,0,1
기부자/NNG,1,0,1
당선/NNG,1,0,1
아무것/NNG,3,1,2
지각/NNG,2,1,1
배후/NNG,2,1,1
온건파/NNG,1,0,1
코발트/NNG,2,0,2
동급/NNG,1,0,1
따져야/VV,3,0,3
단시/NNG,1,0,1
매도의견/NNG,4,0,4
타일러/VV,3,1,2
라드/NNG,2,0,2
선순위채권/NNG,1,0,1
수입/NNG;오르/VV,4,1,3
소셜화폐/NNG,2,0,2
퓨즈/NNG,4,0,4
공연/NNG,7,0,7
휘청이/VV,1,0,1
모친/NNG,1,0,1
서프라이즈/NNG,1,0,1
파티/NNG,5,2,3
크리스천/NNG,1,0,1
컬/VV,1,0,1
트리오/NNG,1,0,1
셀라/NNG,1,0,1
배우/NNG,2,1,1
앞장서/VV,5,3,2
매스/NNG,8,2,6
뱅커/NNG,1,0,1
투자자금/NNG,2,0,2
신탁업/NNG,1,0,1
신생기업/NNG,1,0,1
양당/NNG,1,0,1
프로메튬/NNG,1,0,1
어중간/NNG,1,0,1
메모/NNG,3,2,1
스파이/NNG,2,2,0
그만/MAG,1,1,0
밀물/NNG,2,2,0
변곡점/NNG,2,2,0
구한다는/VV,2,2,0
혈안/NNG,1,1,0
윈즈/NNG,3,3,0
스파이웨어/NNG,1,1,0
국방부/NNG,1,1,0
별정/NNG,1,1,0
악당/NNG,2,1,1
새겨들어야/VV,1,1,0
명만/NNG,1,1,0
에이트/NNG,2,2,0
여겨져/VV,1,1,0
열망/NNG,2,2,0
불러일으킨/VV,1,1,0
거칠지/VV,1,1,0
함/NNG,1,1,0
로드쇼/NNG,2,1,1
전국은행/NNG,1,1,0
강자/NNG,1,1,0
픽/MAG,1,1,0
최신식/NNG,1,1,0
나이스/NNG,1,1,0
억눌린/VV,1,1,0
징후/NNG,9,3,6
펙/NNG,2,2,0
자릿수/NNG,4,2,2
재정/NNG;지출/NNG;확대/NNG,1,0,1
디폴트/NNG;위험/NNG,1,0,1
정책/NNG;살피/VV,1,0,1
느껴진/VV,1,0,1
완벽히/MAG,3,2,1
맹목/NNG,1,0,1
디폴트/NNG,6,5,1
정한다고/VV,1,0,1
통고/NNG,1,0,1
빠뜨렸/VV,1,0,1
서든/NNG,1,0,1
컴퍼스/NNG,1,0,1
민속학자/NNG,1,0,1
잠식/NNG,1,0,1
예금통화/NNG,1,0,1
동떨어져/VV,2,1,1
유례없이/MAG,3,2,1
투자분석/NNG,2,0,2
저항성/NNG,1,0,1
모은다고/VV,1,0,1
매뉴얼/NNG,5,4,1
부쩍/MAG,3,1,2
투자수익률/NNG,3,1,2
놀란다/VV,2,0,2
들으면/VV,1,0,1
약/VA,1,0,1
잠재운다/VV,1,0,1
디자이너/NNG,5,1,4
들으니/VV,1,0,1
안도감/NNG,1,0,1
갈음/NNG,2,0,2
입문/NNG,5,2,3
증권회사/NNG,1,1,0
남/NNG,4,2,2
금융투자업계/NNG,1,1,0
매매수수료/NNG,4,4,0
끝낸다/VV,1,1,0
유관/NNG,3,3,0
가격/NNG;상승/NNG;성장/NNG,1,0,1
성장/NNG;기대/NNG;높/VV,1,0,1
fed/NNG;돈/NNG;풀/VV,1,0,1
저금리/NNG;양적완화/NNG,1,0,1
변동성/NNG;최저/NNG,1,0,1
안정/NNG;성장/NNG,1,0,1
수직/NNG,2,0,2
옮겼/VV,2,1,1
조란/NNG,1,0,1
관망/NNG,3,1,2
자산관리회사/NNG,2,1,1
인덱스펀드/NNG,4,1,3
공소장/NNG,2,0,2
전량/NNG,4,3,1
휘청거렸으며/VV,1,0,1
들려오/VV,1,0,1
불꽃/NNG,1,0,1
피어났/VV,1,0,1
설문/NNG,1,0,1
쏠린다/VV,1,0,1
뽑혔/VV,1,0,1
용화/NNG,1,0,1
장한/VA,4,1,3
첫발/NNG,2,0,2
딛/VV,3,1,2
바뀐다/VV,2,0,2
꼽혔/VV,4,1,3
끼쳤으며/VV,1,0,1
흔해/VA,1,0,1
연저점/NNG,1,0,1
유동성/NNG;우려/NNG,1,1,0
지장/NNG;없/VA,2,2,0
용돈/NNG,7,6,1
팽팽히/MAG,1,1,0
맞선/VV,2,2,0
쥐여/VV,1,1,0
고픈/VA,1,1,0
자식/NNG,2,2,0
안식년/NNG,1,1,0
문득/MAG,4,3,1
샀었/VV,1,1,0
바지/NNG,1,1,0
돌려서/VV,1,1,0
꼬깃꼬깃/MAG,1,1,0
공돈/NNG,1,1,0
콧노래/NNG,2,2,0
절로/MAG,1,1,0
장조/NNG,1,1,0
사놓/VV,1,1,0
망각/NNG,1,1,0
늪/NNG,1,1,0
부침/NNG,1,1,0
널뛰기/NNG,2,2,0
댈/VV,1,1,0
난리/NNG,1,1,0
손사래/NNG,1,1,0
찬찬히/MAG,1,1,0
힘겨웠/VA,1,1,0
버텨온/VV,1,1,0
격려/NNG,1,1,0
연말연시/NNG,1,1,0
저격/NNG,4,3,1
부근/NNG,8,4,4
점프/NNG,2,2,0
미묘/NNG,1,1,0
반로/NNG,1,1,0
시킨다면/VV,1,1,0
지장/NNG,3,3,0
록/NNG,2,2,0
휘말린/VV,1,1,0
건전성/NNG,4,3,1
뒤따르/VV,3,3,0
기준가격/NNG,1,1,0
유동성/NNG;많/VA,1,1,0
불승인/NNG,1,1,0
장본인/NNG,1,1,0
끝난다/VV,1,1,0
가격/NNG;상승/NNG;긍정적/VAX,1,1,0
단기/NNG;가격/NNG;상승/NNG,1,1,0
상승률/NNG;그치/VV,1,1,0
가격/NNG;타격/NNG,1,1,0
가격/NNG;무너/VV,1,1,0
타격/NNG;줄/VV,3,3,0
자금/NNG;줄/VV,1,1,0
쉽/VA;하락/NNG,1,1,0
흘려/VV,1,1,0
버신/NNG,1,1,0
번번이/MAG,1,1,0
봉건/NNG,1,1,0
살아온/VV,1,1,0
허무맹랑/NNG,1,1,0
이뤄냈/VV,1,1,0
광의/NNG,3,2,1
자수성가/NNG,1,1,0
하찮/VA,1,1,0
목격/NNG,4,3,1
덧/NNG,1,1,0
씌운/VV,1,1,0
흘러도/VV,1,1,0
통치/NNG,1,1,0
법치/NNG,3,2,1
온다면/VV,1,1,0
국수/NNG,1,1,0
포퓰리즘/NNG,1,1,0
부흥/NNG,1,1,0
뒤섞인다/VV,1,1,0
진수/NNG,1,1,0
조용/NNG,2,2,0
단합/NNG,1,1,0
끝없이/MAG,2,2,0
층위/NNG,1,1,0
갈라졌/VV,1,1,0
수긍/NNG,1,1,0
정오/NNG,2,2,0
유출량/NNG,3,1,2
어카운트/NNG,3,0,3
체해/NNG,1,0,1
사별/NNG,1,0,1
휴가/NNG,1,0,1
맹점/NNG,1,0,1
자동이체/NNG,2,0,2
인포모바일/NNG,1,0,1
스쿨뱅킹/NNG,1,0,1
관리비/NNG,1,0,1
신청일/NNG,1,0,1
영업일/NNG,2,1,1
저리/MAG,1,0,1
할부/NNG,1,0,1
탈회/NNG,2,0,2
연체/NNG,2,1,1
되돌아간다고/VV,1,0,1
떨어질까/VV,1,0,1
귀찮/VA,1,0,1
쯩/NNG,2,1,1
전문점/NNG,1,0,1
탐탐/NNG,3,0,3
어음/NNG,4,3,1
지닌다고/VV,1,0,1
인준/NNG,2,0,2
인플레이션/NNG;금리/NNG;상승/NNG,1,1,0
금리/NNG;상승/NNG;압력/NNG,1,1,0
가계/NNG;부채비율/NNG;높/VA,1,1,0
실물/NNG;경기/NNG;회복/NNG,1,1,0
정치/NNG;불확실성/NNG,1,1,0
침체국면/NNG;빠지/VV,1,1,0
경기/NNG;호전/NNG,1,1,0
수출/NNG;호조/NNG,2,1,1
실적/NNG;호조/NNG,1,1,0
경기/NNG;자신/NNG,1,1,0
자신/NNG;위험/NNG,1,1,0
위험/NNG;선호/NNG,1,1,0
기대/NNG;높/VA,1,1,0
코스피/NNG,21,13,8
가인/NNG,1,1,0
대기록/NNG,1,1,0
지리한/VA,1,1,0
게걸음/NNG,1,1,0
휘말려/VV,1,1,0
박스피/NNG,1,1,0
양식장/NNG,1,1,0
거르/VV,1,1,0
반전/NNG,5,3,2
일으킨/VV,4,4,0
외환위기/NNG,2,1,1
학습효과/NNG,2,1,1
여긴/VV,1,1,0
급락장/NNG,1,1,0
떠받친/VV,1,1,0
호조/NNG,5,2,3
축인/VV,1,1,0
성장산업/NNG,1,1,0
덧붙/VV,1,1,0
불어나/VV,1,1,0
초저금리/NNG,2,2,0
운용처/NNG,1,1,0
밑바탕/NNG,1,1,0
울퉁불퉁/MAG,1,1,0
자산배분/NNG,2,2,0
경험칙/NNG,1,1,0
찰나/NNG,1,1,0
반격/NNG,1,1,0
잠복/NNG,1,1,0
성장/NNG;금융시장/NNG;안정/NNG,1,1,0
전기요금/NNG;오르/VV,1,1,0
합계/NNG,2,2,0
고해야/VV,10,8,2
입법안/NNG,1,1,0
생소/NNG,3,2,1
수취/NNG,3,2,1
수행자/NNG,1,1,0
바라본다/VV,1,1,0
투자가/NNG,2,1,1
밑돌/VV,12,5,7
저축률/NNG,1,1,0
회전/NNG,3,3,0
메가톤/NNG,1,1,0
약속어음/NNG,1,1,0
사기업/NNG,1,1,0
시면/VV,3,3,0
본원/NNG,1,1,0
유금/NNG,1,1,0
터/VV,2,1,1
공산/NNG,1,1,0
투영/NNG,1,1,0
겉/NNG,1,1,0
위계/NNG,2,2,0
가청산/NNG,1,1,0
캐파/NNG,1,1,0
용적률/NNG,1,1,0
분식회계/NNG,1,1,0
낙수효과/NNG,1,1,0
외국환은행/NNG,1,1,0
다룰/VV,5,2,3
반대급부/NNG,1,1,0
섹터/NNG,3,1,2
없앤/VV,1,1,0
비약/NNG,1,1,0
반증/NNG,2,1,1
분권/NNG,3,2,1
미칠까/VV,2,1,1
넛지/NNG,1,1,0
육성책/NNG,1,1,0
통법/NNG,1,1,0
메이/NNG,1,1,0
방정식/NNG,1,1,0
먹힐/VV,1,1,0
전력공사/NNG,1,1,0
니르/VV,1,1,0
가격/NNG;하락/NNG;가능성/NNG;높/VA,1,0,1
가격/NNG;하락/NNG;상승/NNG,1,0,1
수출금액/NNG;증가/NNG,1,0,1
불확실성/NNG;증폭/NNG,1,0,1
최악/NNG;침체/NNG,1,0,1
수출/NNG;증가/NNG,1,0,1
금리/NNG;상승/NNG,3,0,3
가격/NNG;부양/NNG,1,0,1
침체/NNG;빠지/VV,1,0,1
어느새/MAG,2,1,1
양호/NNG,3,2,1
후배/NNG,1,0,1
사촌/NNG,1,0,1
동생/NNG,1,0,1
벼락/NNG,1,0,1
거지/NNG,2,1,1
상실감/NNG,2,1,1
추월/NNG,7,4,3
마나/NNG,1,0,1
사려/NNG,1,0,1
살까/VV,1,0,1
마실/VV,1,0,1
온다/VV,6,2,4
지탱/NNG,2,0,2
군사력/NNG,1,0,1
로마/NNG,1,0,1
은화/NNG,1,0,1
흥망성쇠/NNG,2,0,2
따라갈/VV,1,0,1
나타난다면/VV,1,0,1
마이너스성장/NNG,1,0,1
상관계수/NNG,2,0,2
수출금액/NNG,5,0,5
인과관계/NNG,1,0,1
가를/VV,2,0,2
회귀분석/NNG,1,0,1
과대평가/NNG,2,0,2
배당수익률/NNG,1,0,1
기인/NNG,4,2,2
고공행진/NNG,2,1,1
만기수익률/NNG,1,0,1
조짐/NNG,3,1,2
횡/MAG,9,6,3
검찰청/NNG,6,4,2
시스템/NNG;위험/NNG;줄/VV,1,0,1
달러인덱스/NNG;최저/NNG,1,0,1
위험/NNG;없애/VV,1,0,1
악영향/NNG;줄/VV,2,1,1
굴림/NNG,26,0,26
가용성/NNG,1,0,1
중개수수료/NNG,1,0,1
자간/NNG,1,0,1
직거래/NNG,1,0,1
슬로/NNG,1,0,1
바자/NNG,2,0,2
불러일으킨다/VV,1,0,1
자나/NNG,1,0,1
밀정/NNG,4,0,4
패스워드/NNG,6,0,6
올바른지/VA,1,0,1
굴림/VV,1,0,1
허다/NNG,1,0,1
호문/NNG,1,0,1
무늬/NNG,1,0,1
명심/NNG,2,0,2
고찰/NNG,1,0,1
다룬다는/VV,1,0,1
남두/NNG,3,2,1
이븐/NNG,1,0,1
가져갈/VV,2,1,1
직책/NNG,2,1,1
기업인수목적회사/NNG,3,1,2
베일리/NNG,1,0,1
야/NNG,2,0,2
헤르메스/NNG,1,0,1
술집/NNG,2,0,2
식도/NNG,2,0,2
반비례/NNG,2,0,2
젬/NNG,3,0,3
체납/NNG,2,1,1
원년/NNG,2,2,0
콘텐츠전송네트워크/NNG,1,1,0
네임/NNG,2,1,1
뒤처지/VV,4,4,0
착근/NNG,1,1,0
결실/NNG,1,1,0
대역폭/NNG,1,1,0
휴일/NNG,2,2,0
근무일/NNG,1,1,0
공직/NNG,1,1,0
물러난다는/VV,1,1,0
공문/NNG,3,3,0
시스템/NNG;장애/NNG,1,1,0
계속거래/NNG,1,1,0
탄핵소추안/NNG,1,1,0
아모리/NNG,1,1,0
언성/NNG,1,1,0
최고조/NNG,1,1,0
비꼬/VV,1,1,0
일체/MAG,1,1,0
쪼갤/VV,1,1,0
청량/NNG,1,1,0
사과문/NNG,1,1,0
유동성/NNG;축소/NNG;위험/NNG,1,0,1
국채/NNG;금리/NNG;오르/VV,1,0,1
하락/NNG;멈추/VV;상승/NNG,1,0,1
안전자산/NNG;선호/NNG,1,0,1
유동성/NNG;위축/NNG,1,0,1
금리/NNG;성장/NNG,1,0,1
성장/NNG;가속/NNG,1,0,1
자산/NNG;회피/NNG,1,0,1
금리/NNG;거품/NNG,1,0,1
비용/NNG;오르/VV,1,0,1
유동성랠리/NNG,1,0,1
알파벳/NNG,1,0,1
놓였/VV,3,2,1
혹평/NNG,1,0,1
가도/NNG,2,0,2
가의/NNG,1,0,1
낙관론자/NNG,2,1,1
밸류에이션/NNG,1,0,1
쇼트/NNG,1,0,1
공매도/NNG,25,20,5
예언/NNG,1,0,1
전철/NNG,3,1,2
간지/NNG,2,1,1
미래현금흐름/NNG,1,0,1
빌려다/VV,3,2,1
매듭짓/VV,1,0,1
피고인/NNG,1,0,1
뒤/VV,1,0,1
싸여/VV,1,0,1
실마리/NNG,1,0,1
메꾸/VV,1,0,1
꾸며/VV,2,0,2
벌여/VV,2,1,1
은폐/NNG,4,2,2
항소심/NNG,1,0,1
상고법원/NNG,1,0,1
합의체/NNG,1,0,1
번복/NNG,3,0,3
미지수/NNG,3,1,2
쿼트/NNG,3,0,3
마틴루터킹데이/NNG,1,0,1
과감/NNG,1,0,1
차입거래/NNG,9,2,7
지쳐/VV,1,0,1
가격저항/NNG,3,0,3
부딪힐/VV,1,0,1
부딪혔/VV,1,0,1
배타성/NNG,1,0,1
대출/NNG;금리/NNG;높/VA,2,1,1
안도/NNG,1,0,1
행사가격/NNG,1,0,1
짐/NNG,6,2,4
홀드/NNG,5,1,4
무한히/MAG,1,0,1
다우존스/NNG,1,0,1
코이네/NNG,1,0,1
페어/NNG,13,3,10
스톡/NNG,19,8,11
튼/VV,15,3,12
장단기/NNG,2,1,1
끌어왔/VV,2,1,1
샬/NNG,1,0,1
함지/NNG,3,1,2
수익성/NNG;좋/VA,1,1,0
우아/NNG,2,2,0
자상/NNG,1,1,0
뗐/VV,1,1,0
이뤄지게/VV,1,1,0
버티/VV,2,2,0
패인/NNG,1,1,0
사용가치/NNG,1,1,0
답할/VV,2,2,0
긱이코노미/NNG,1,1,0
산업재해/NNG,1,1,0
라이더/NNG,1,1,0
멧/NNG,1,1,0
섹/NNG,1,1,0
출현/NNG,4,2,2
다뤄질/VV,1,1,0
이전/NNG;고점/NNG;회복/NNG,1,0,1
마이너스/NNG;떨어/VV,2,0,2
사들일/VV,2,1,1
몰려올/VV,1,0,1
게임스/NNG,2,0,2
에디터/NNG,1,0,1
숨통/NNG,1,0,1
콕/MAG,1,0,1
숙명/NNG,1,0,1
곤두박질치/VV,1,0,1
밑돌/NNG,1,0,1
윗돌/NNG,1,0,1
친/VV,2,1,1
속인/VV,1,0,1
약식/NNG,2,1,1
턱없이/MAG,2,1,1
갈라지/VV,1,0,1
갈래/NNG,10,1,9
끊겨/VV,1,0,1
도하기/NNG,1,0,1
죽/NNG,1,0,1
버려진/VV,2,1,1
맞물린/VV,1,0,1
바이트/NNG,4,1,3
송자/NNG,2,0,2
트림/NNG,5,0,5
슈어드/NNG,1,0,1
찌/VV,1,0,1
속임수/NNG,1,0,1
체일/NNG,1,0,1
지극히/MAG,1,0,1
접종/NNG,9,2,7
체크인/NNG,1,0,1
사회안전망/NNG,1,0,1
시중/NNG;돈/NNG;풀/VV,1,1,0
금융안정/NNG;해치/VV,1,1,0
닥/MAG,12,10,2
차남/NNG,1,1,0
소각/NNG,11,4,7
종속회사/NNG,4,4,0
불렸/VV,3,3,0
부메랑/NNG,1,1,0
무조/NNG,1,1,0
탈루/NNG,3,3,0
실상/MAG,1,1,0
노영/NNG,1,1,0
마쳤으나/VV,1,1,0
부지기수/NNG,1,1,0
구설수/NNG,1,1,0
뺐/VV,1,1,0
존재감/NNG,1,1,0
감탄/NNG,1,1,0
그린다/VV,1,1,0
테이퍼링/NNG,27,20,7
물으며/VV,1,1,0
발목/NNG,1,1,0
농구/NNG,5,3,2
밈/NNG,17,15,2
도지/NNG,114,73,41
어려/VV,1,1,0
개인사업자/NNG;대출/NNG;확대/NNG,1,1,0
대출/NNG;공급/NNG;확대/NNG,1,1,0
추렸/VV,1,1,0
사업부/NNG,4,1,3
와해/NNG,1,1,0
미달/NNG,3,2,1
감원/NNG,1,1,0
머스트/NNG,1,1,0
농담/NNG,9,4,5
장난삼/VV,6,6,0
의거/NNG,2,2,0
인신/NNG,1,1,0
용정/NNG,1,1,0
결산/NNG,1,1,0
저신용자/NNG,8,8,0
일으켜야/VV,1,1,0
따라오/VV,2,2,0
둬야/VV,4,1,3
개인사업자/NNG,3,3,0
사잇돌/NNG,1,1,0
대출비중/NNG,2,1,1
투자/NNG;가격/NNG;높/VA,1,1,0
공급/NNG;쉽/VA,1,1,0
펀/NNG,9,8,1
금인/NNG,1,1,0
일간지/NNG,1,1,0
책임진다/VV,1,1,0
채털리/NNG,1,1,0
연거푸/MAG,2,2,0
치켜/VV,1,1,0
이티/NNG,1,1,0
비시/NNG,3,2,1
티브이/NNG,1,1,0
일쑤/NNG,2,2,0
저금리정책/NNG,2,2,0
여긴다고/VV,2,1,1
지비/NNG,2,2,0
티시/NNG,2,2,0
전환사채/NNG,2,2,0
발전기금/NNG,1,1,0
많/VA;가격/NNG;상승/NNG,1,1,0
대출/NNG;한도/NNG;높/VA,1,1,0
지표/NNG;상회/NNG,1,1,0
강하/VA;상승/NNG,2,2,0
높/VA;상승/NNG,1,1,0
헉/MAG,1,1,0
일과/NNG,1,1,0
장기간/NNG,5,3,2
우상/NNG,1,1,0
향할/VV,3,2,1
스톱/NNG,13,11,2
베츠/NNG,7,7,0
숏스퀴즈/NNG,12,12,0
펼쳐서/VV,1,1,0
일으켜서/VV,1,1,0
도미노/NNG,1,1,0
걸쳐서/VV,3,3,0
증거금/NNG,8,7,1
최대손실/NNG,1,1,0
거쳐서/VV,1,1,0
반대매매/NNG,2,2,0
잔금/NNG,3,3,0
델/VV,3,3,0
밸류/NNG,1,1,0
신탁상품/NNG,11,11,0
유동성/NNG;떨어/VV,1,1,0
는다/VV,1,1,0
득/NNG,1,1,0
처가/NNG,1,1,0
스파르탄/NNG,8,8,0
벤처펀드/NNG,2,1,1
피피/MAG,1,1,0
신용협동조합/NNG,1,1,0
개방형시스템/NNG,2,1,1
핵/NNG,1,1,0
미사일/NNG,1,1,0
탁해서/VA,1,1,0
길래/MAG,1,1,0
폴리오/NNG,2,1,1
멘트/NNG,1,1,0
사외이사/NNG,2,2,0
맥고/NNG,1,1,0
옮긴다/VV,1,1,0
숍/NNG,4,4,0
협력업체/NNG,1,1,0
디시/NNG,3,3,0
이퀄/NNG,1,1,0
엄과/NNG,1,1,0
꼭지/NNG,1,1,0
장식/NNG,3,3,0
당당히/MAG,1,1,0
류로/NNG,4,4,0
우당탕/MAG,1,1,0
곡예/NNG,1,1,0
난무/NNG,4,3,1
기념비/NNG,1,1,0
오랫동안/MAG,1,1,0
기다린/VV,1,1,0
금융안정/NNG;우려/NNG,1,1,0
위험/NNG;흡수/NNG,1,1,0
금리/NNG;과도/NNG,1,1,0
금리/NNG;낮/VA,2,1,1
대출/NNG;줄/VV,1,1,0
수완/NNG,2,2,0
완충/NNG,1,1,0
콤/NNG,2,1,1
핏/NNG,1,1,0
씻/VV,1,1,0
초과이익/NNG,1,1,0
바트/NNG,4,4,0
계좌수/NNG,1,1,0
여운/NNG,2,2,0
차값/NNG,1,1,0
할부판매/NNG,1,1,0
달러원/NNG,1,1,0
사고방식/NNG,3,3,0
외침/NNG,1,1,0
매수비중/NNG,1,1,0
자산/NNG;가격/NNG;증가/NNG,1,1,0
시장분석/NNG,1,1,0
명품/NNG,5,4,1
작하/VV,4,2,2
캘리/NNG,1,1,0
뜰/VV,2,2,0
구비/NNG,2,2,0
두마/NNG,1,1,0
구한다/VV,2,1,1
맬/VV,2,2,0
사립/NNG,1,1,0
취해왔/VV,1,1,0
생일/NNG,1,1,0
작과/NNG,2,2,0
광기/NNG,2,1,1
금납/NNG,2,0,2
대전환/NNG,3,0,3
발표회/NNG,1,0,1
혁신클러스터/NNG,1,0,1
홍릉/NNG,1,0,1
메타버스/NNG,28,11,17
예상밖/NNG,1,0,1
인수단/NNG,2,0,2
출석/NNG,10,6,4
시뮬레이션/NNG,1,0,1
법화/NNG,2,0,2
정에/NNG,1,0,1
안표/NNG,1,0,1
준화/NNG,1,0,1
응방/NNG,1,0,1
수익/NNG;급증/NNG,1,1,0
급락/NNG;방어/NNG,1,1,0
기득권/NNG,2,2,0
원동력/NNG,2,1,1
늑장/NNG,1,1,0
찬란/NNG,1,1,0
기술진/NNG,1,1,0
챙/MAG,2,2,0
장단점/NNG,2,2,0
컨버전스/NNG,4,4,0
클로즈드/NNG,1,1,0
알파버전/NNG,2,1,1
장하/VA,1,1,0
연령대/NNG,1,1,0
금융활동/NNG,1,1,0
다용도/NNG,1,1,0
초과수익/NNG,1,1,0
혹해/VV,1,1,0
법망/NNG,1,1,0
다원화/NNG,2,2,0
총책/NNG,3,3,0
피라미드/NNG,1,1,0
꼬리/NNG,2,2,0
영진/NNG,1,1,0
군도/NNG,1,1,0
끌어들인/VV,1,1,0
데려온/VV,1,1,0
실상/NNG,1,1,0
적금/NNG,8,3,5
착점/NNG,1,1,0
꼬박꼬박/MAG,1,1,0
간책/NNG,1,1,0
닉스/NNG,3,3,0
역도/NNG,1,1,0
대량매매/NNG,1,1,0
블록딜/NNG,1,1,0
된다면서/VV,1,1,0
누명/NNG,1,1,0
몰아갔/VV,1,1,0
종적/NNG,1,1,0
준다고/VV,1,1,0
겹친다는/VV,1,1,0
턴/VV,1,1,0
상담원/NNG,2,2,0
본/NNG,3,2,1
떠넘기/VV,1,1,0
은어/NNG,2,1,1
바이백/NNG,1,1,0
유액/NNG,1,1,0
떨어졌으니/VV,1,1,0
헷갈려/VV,1,1,0
포즈/NNG,2,1,1
가격/NNG;넘/VV;상승/NNG,1,1,0
금리/NNG;하락/NNG,1,1,0
지표/NNG;떨어/VV,1,1,0
회복/NNG;어렵/VA,1,1,0
첫날/NNG,5,4,1
불러일으킬/VV,2,2,0
티핑포인트/NNG,1,1,0
알린/VV,1,1,0
하락시/NNG,1,1,0
매수기회/NNG,4,4,0
비틀/NNG,1,1,0
손절/NNG,5,3,2
가격선/NNG,1,1,0
모래/NNG,2,2,0
줄임/VV,3,3,0
매수포지션/NNG,6,5,1
받아들일지/VV,1,1,0
신고센터/NNG,6,6,0
떠들석/NNG,1,1,0
굵직/NNG,4,3,1
증적/NNG,1,1,0
상승률/NNG;넘/VV;못하/VX,1,1,0
막대/NNG;돈/NNG;풀/VV,1,1,0
기대/NNG;오르/VV,1,1,0
돈값/NNG,1,1,0
덧붙일/VV,1,1,0
정순/NNG,7,5,2
시오/NNG,3,3,0
증하/VA,2,2,0
묶여/VV,4,2,2
가치평가/NNG,7,7,0
리크/NNG,1,1,0
규격/NNG,5,4,1
조달자금/NNG,1,1,0
오에스/NNG,1,1,0
고양이/NNG,7,5,2
희귀/NNG,1,1,0
우표/NNG,2,1,1
모아도/VV,1,1,0
모여야/VV,1,1,0
인수설/NNG,1,1,0
슬러/VV,17,15,2
중상위/NNG,1,1,0
줌/NNG,1,1,0
매겨진/VV,2,2,0
바벨/NNG,1,1,0
후오/NNG,1,1,0
자산/NNG;급증/NNG,1,0,1
매우/MAG;위험/NNG,2,1,1
획/NNG,2,1,1
되새기/VV,2,0,2
두드러지/VV,4,0,4
일러/VV,2,1,1
배리/NNG,2,0,2
관지/NNG,1,0,1
악물/VV,1,0,1
견뎌야/VV,1,0,1
스며드/VV,1,0,1
태클/NNG,1,0,1
걸어왔/VV,1,0,1
검열망/NNG,1,0,1
폐/NNG,1,0,1
지당/NNG,2,0,2
싫어하/VV,2,1,1
뒤얽혀/VV,1,0,1
결여/NNG,1,0,1
타이밍/NNG,3,0,3
건드려/VV,1,0,1
자도/NNG,1,0,1
동/VV,1,0,1
답장/NNG,1,0,1
재검토/NNG,2,1,1
스피드/NNG,2,0,2
버거/NNG,1,0,1
레시피/NNG,1,0,1
변명/NNG,1,0,1
독재자/NNG,1,0,1
휘두르/VV,2,1,1
가질수록/VV,2,1,1
극소수/NNG,2,1,1
상반/NNG,3,1,2
독점금지법/NNG,1,0,1
인터넷플랫폼/NNG,2,1,1
질/VV,3,2,1
큐레이팅/NNG,2,0,2
큐레이터/NNG,3,0,3
마음껏/MAG,1,0,1
양다리/NNG,1,0,1
장기물/NNG;활성화/NNG,1,1,0
변동성/NNG;취약/NNG,1,1,0
자금/NNG;성공/NNG,2,1,1
대출/NNG;짧/VA,1,1,0
낮/VA;위험/NNG,1,1,0
재능/NNG,2,2,0
이룩/NNG,2,1,1
감명/NNG,1,1,0
줘서/VV,1,1,0
연이율/NNG,2,2,0
완만/NNG,1,1,0
조기상환/NNG,1,1,0
선형/NNG,1,1,0
시국/NNG,1,1,0
꼬여/VV,1,1,0
역전/NNG,7,6,1
비약적/VAX,1,1,0
과담/NNG,1,1,0
대출자/NNG,2,2,0
투기자/NNG,1,1,0
출분/NNG,1,1,0
무방/NNG,2,2,0
원해/NNG,2,2,0
기대/NNG;인플레이션/NNG;물가/NNG;상승/NNG,1,1,0
물가/NNG;상승/NNG;위험/NNG;높/VA,1,1,0
물가/NNG;상승/NNG;가속/NNG,1,1,0
금리/NNG;상승/NNG;위험/NNG,1,1,0
성장/NNG;가능성/NNG;높/VA,1,1,0
자금/NNG;시중/NNG;풀/VV,1,1,0
위험/NNG;높/VA;않/VX,1,1,0
금융시장/NNG;위축/NNG,1,1,0
통화/NNG;줄/VV,1,1,0
우려/NNG;않/VX,1,1,0
종과/NNG,2,2,0
오픈베타서비스/NNG,1,1,0
통틀어/MAG,1,1,0
원선/NNG,1,1,0
발행가/NNG,2,2,0
마로/NNG,1,1,0
투자이익/NNG,1,1,0
멜/VV,1,1,0
노동통계국/NNG,1,1,0
근원/NNG,3,2,1
상존/NNG,2,2,0
뒤쳐질/VV,1,1,0
달한다고/VV,2,1,1
가격/NNG;상승/NNG;견인/NNG,2,2,0
금융시장/NNG;위험/NNG,1,1,0
경기/NNG;과열/NNG,1,1,0
우려/NNG;경감/NNG,1,1,0
백도어/NNG,1,1,0
욕구/NNG,2,2,0
경감/NNG,1,1,0
숨겨/VV,2,2,0
예정일/NNG,2,2,0
시피/NNG,1,1,0
오리/VV,1,1,0
상기/MAG,1,1,0
사유/NNG,3,2,1
딴/NNG,1,1,0
대사/NNG,2,2,0
막스/NNG,1,1,0
바커스/NNG,1,1,0
적임자/NNG,2,2,0
지표/NNG;마이너스/NNG,1,0,1
던데/VV,1,0,1
위도/NNG,1,0,1
부칙/NNG,1,0,1
별것/NNG,1,0,1
잡힐지/VV,1,0,1
억압/NNG,1,0,1
우려/NNG;줄/VV,1,1,0
거품/NNG;크/VV,1,1,0
혹자/NNG,2,2,0
무단/NNG,2,1,1
복사본/NNG,1,1,0
회화/NNG,1,1,0
환경친화/NNG,1,1,0
인공/NNG,2,2,0
냉철/NNG,1,1,0
전통자산/NNG,6,3,3
장부가액/NNG,1,1,0
위로금/NNG,5,5,0
골목/NNG,2,2,0
상권/NNG,2,2,0
마리/NNG,2,2,0
공약/NNG,4,4,0
립도/NNG,2,1,1
신용카드회사/NNG,1,1,0
아태/NNG,4,4,0
둬/VV,2,1,1
바젤은행감독위원회/NNG,1,1,0
공동발행/NNG,1,1,0
다뤄/VV,4,4,0
맞춰서/VV,1,1,0
신재/NNG,1,1,0
지리/NNG,5,4,1
가격/NNG;단기/NNG;급등/NNG,1,0,1
산업/NNG;안정/NNG,1,0,1
게임기/NNG,1,0,1
푸념/NNG,1,0,1
철구/NNG,2,0,2
거느린/VV,1,0,1
초단타매매/NNG,1,0,1
장면/NNG,5,3,2
들이대/VV,1,0,1
암암리/NNG,1,0,1
원단위/NNG,1,0,1
자면/NNG,1,0,1
비할/VV,1,0,1
응당/MAG,2,1,1
민원/NNG,7,3,4
사각지대/NNG,1,0,1
눈뜨/VV,1,0,1
추진력/NNG,1,0,1
사행/NNG,4,1,3
아무래도/MAG,4,1,3
현안/NNG,1,1,0
문답/NNG,1,1,0
가교/NNG,1,1,0
지워버릴/VV,2,2,0
기술사/NNG,2,2,0
닿/VV,1,1,0
에리카/NNG,1,1,0
안지/NNG,1,1,0
도라/NNG,1,1,0
럼/NNG,8,8,0
심기/NNG,2,2,0
웨/VV,2,2,0
허의/NNG,1,1,0
가수금/NNG,1,1,0
낸다고/VV,1,1,0
답했/VV,3,2,1
혼동/NNG,1,1,0
부연/NNG,1,1,0
투자/NNG;떠오르/VV,1,0,1
공급/NNG;낮/VA,1,0,1
놓칠까/VV,3,1,2
황금/NNG,8,7,1
표하/VV,1,0,1
여겨진/VV,2,1,1
직무/NNG,2,1,1
하워드막스/NNG,1,0,1
오크트리/NNG,1,0,1
창구/NNG,5,0,5
연수/NNG,1,0,1
혹여/MAG,1,0,1
황금알/NNG,1,0,1
거위/NNG,1,0,1
놓칠/VV,3,0,3
빼놓/VV,4,2,2
매료/NNG,2,1,1
순유출/NNG,3,0,3
우도/NNG,1,0,1
풀어놓/VV,1,0,1
대비책/NNG,1,0,1
바젤/NNG,5,4,1
좌측/NNG,1,0,1
날개/NNG,1,0,1
플랩/NNG,2,0,2
진품/NNG,1,0,1
대표단/NNG,1,0,1
데우/VV,2,0,2
금융위기/NNG;악화/NNG,1,1,0
유동성/NNG;높/VA,1,1,0
가격/NNG;넘/VV,2,2,0
체불/NNG,11,5,6
가토/NNG,2,1,1
표지/NNG,2,2,0
재정난/NNG,1,1,0
경질/NNG,1,1,0
리비/NNG,1,1,0
인스타그램/NNG,6,6,0
반려/NNG,1,1,0
양말/NNG,1,1,0
꼽힐/VV,1,1,0
공생/NNG,2,2,0
눈부신/VA,2,1,1
배워야/VV,2,2,0
이뤄야/VV,1,1,0
거함/NNG,1,1,0
순기능/NNG,1,1,0
역기능/NNG,1,1,0
옹호자/NNG,2,2,0
예술가/NNG,13,13,0
무장/NNG,1,1,0
갤러리/NNG,2,2,0
원작자/NNG,4,2,2
수혜자/NNG,1,1,0
낙찰/NNG,8,2,6
다양화/NNG,2,2,0
운하/NNG,9,9,0
묶인/VV,2,1,1
이루/MAG,1,1,0
원그래프/NNG,1,1,0
견조/NNG,2,1,1
행로/NNG,1,1,0
성국/NNG,1,1,0
옵션시장/NNG,7,3,4
쏠릴/VV,1,1,0
추상/NNG,2,1,1
사원/NNG,1,1,0
지배회사/NNG,1,1,0
고객자금/NNG,1,1,0
학술/NNG,2,2,0
견지/NNG,2,2,0
소비자/NNG;피해/NNG,1,1,0
인도인/NNG,7,7,0
거인/NNG,1,1,0
와지/NNG,2,1,1
중위연령/NNG,1,1,0
능숙/NNG,1,1,0
시프/NNG,3,3,0
젊은이/NNG,3,3,0
기가바이트/NNG,1,1,0
지닌다는/VV,1,1,0
매일/NNG,1,1,0
소닉/NNG,16,15,1
휴업/NNG,1,1,0
휩싸였/VV,2,2,0
콜센터/NNG,2,1,1
닫혀/VV,1,1,0
공실/NNG,1,1,0
현격/NNG,1,1,0
비우/VV,1,1,0
교대/NNG,1,1,0
우편물/NNG,1,1,0
고맙/VA,2,1,1
스펙트럼/NNG,2,1,1
만료/NNG,5,4,1
유분/NNG,3,1,2
그친다/VV,3,1,2
잠재/NNG;인플레이션/NNG;위험/NNG,1,1,0
모야/NNG,4,2,2
등급평가/NNG,1,1,0
이지머니/NNG,1,1,0
진행자/NNG,3,2,1
팟/NNG,1,1,0
캐스트/NNG,1,1,0
거품/NNG;빠지/VV,1,0,1
많/VA;하락/NNG,1,0,1
재정거래/NNG,2,0,2
훌쩍/MAG,3,1,2
공업/NNG,2,0,2
미숙/NNG,1,0,1
성숙기/NNG,1,0,1
과열국면/NNG,1,0,1
평균값/NNG,3,0,3
미뤄볼/VV,1,0,1
때때로/MAG,1,0,1
짬/NNG,1,0,1
해봅시다/VV,1,0,1
아/NNG,1,0,1
방귀/NNG,4,0,4
녹/VV,1,0,1
남자/NNG,1,0,1
몰라/VV,3,2,1
화들짝/MAG,1,0,1
까맣/VA,1,0,1
예술인/NNG,1,0,1
배면/NNG,1,0,1
이럴/VA,2,1,1
밥값/NNG,1,0,1
얻어먹/VV,1,0,1
당황/NNG,6,2,4
만화가/NNG,3,0,3
일확천금/NNG,5,0,5
행은/NNG,1,0,1
혹시나/MAG,1,0,1
닥친다면/VV,1,0,1
진담/NNG,3,1,2
창작/NNG,10,5,5
대로/NNG,1,0,1
감상자/NNG,1,0,1
창작물/NNG,3,1,2
창작자/NNG,11,5,6
옛날/NNG,5,2,3
열릴까/VV,1,0,1
앞당긴/VV,1,0,1
써도/VV,1,0,1
뾰족/MAG,2,1,1
해야죠/VV,1,0,1
굳/VV,1,0,1
한다더라/VV,1,0,1
바꿔갔/VV,1,0,1
공짜/NNG,6,3,3
상도의/NNG,1,0,1
무어/NNG,1,0,1
하나하나/MAG,3,0,3
알아봐야/VV,1,0,1
부딪쳐/VV,1,0,1
신날/NNG,1,0,1
저서/NNG,2,1,1
미술관/NNG,11,1,10
십자군/NNG,1,0,1
펀치/NNG,3,1,2
가수/NNG,1,0,1
기타리스트/NNG,1,0,1
미성년/NNG,1,0,1
모지/NNG,3,2,1
자문역/NNG,1,1,0
관리국/NNG,1,1,0
전망/NNG;살피/VV,1,1,0
텍스/NNG,1,1,0
엔원/NNG,1,1,0
도박성/NNG,1,1,0
불어난다는/VV,1,1,0
반대어/NNG,1,1,0
파쇄/NNG,1,1,0
결점/NNG,2,1,1
은의/NNG,1,1,0
손꼽혔/VV,1,1,0
흑/NNG,1,1,0
젤/NNG,1,1,0
최저임금/NNG,1,1,0
집권/NNG,5,5,0
단장/NNG,8,1,7
시스템산업/NNG,1,0,1
원통/NNG,1,0,1
산부/NNG,1,0,1
신여/NNG,2,0,2
대미/NNG,1,0,1
유착/NNG,1,0,1
던져야/VV,1,0,1
극/NNG,3,2,1
박스권/NNG,5,3,2
개장전/NNG,1,0,1
기저효과/NNG,1,0,1
점철/NNG,1,1,0
표면적/VAX,2,1,1
펼쳐진다/VV,1,1,0
계약금/NNG,1,1,0
방면/NNG,2,1,1
만대/NNG,3,3,0
토인/NNG,1,1,0
발키리/NNG,2,2,0
전망/NNG;넘/VV,1,1,0
각별히/MAG,3,2,1
블루베리/NNG,1,1,0
현역/NNG,1,1,0
퍼블리시티권/NNG,1,1,0
연령/NNG,3,2,1
논할/VV,2,2,0
부적합/NNG,3,3,0
법률안/NNG,3,1,2
영업이익/NNG,8,8,0
훈풍/NNG,1,1,0
한밭/NNG,1,1,0
맞춰져야/VV,1,1,0
도외/NNG,1,1,0
안대/NNG,1,1,0
금정책/NNG,1,1,0
쫓아가/VV,1,1,0
렌딩/NNG,4,2,2
첩/NNG,1,1,0
서명자/NNG,3,3,0
사후정산/NNG,1,1,0
단골/NNG,1,1,0
부도덕/NNG,1,1,0
데리/VV,2,2,0
평상시/NNG,4,1,3
마스터키/NNG,1,1,0
연장선/NNG,2,1,1
더하/VV,1,1,0
반사/NNG,1,1,0
뜨거울수록/VA,1,1,0
흑자/NNG,2,2,0
송치/NNG,5,5,0
성장기업/NNG,1,1,0
퀄컴/NNG,3,3,0
쳐/VV,1,1,0
예수금/NNG,1,1,0
무찌르/VV,1,1,0
음모/NNG,1,1,0
일리/NNG,2,2,0
포문/NNG,1,1,0
핑/NNG,1,1,0
라이벌/NNG,1,1,0
휘말리/VV,1,1,0
준거가격/NNG,4,2,2
회원수/NNG,3,3,0
트리미/NNG,2,1,1
컬/NNG,2,2,0
관리청/NNG,1,1,0
공과/NNG,2,2,0
평가이익/NNG,1,1,0
베스/NNG,2,0,2
시초가/NNG,3,0,3
가격/NNG;밀리/VV,1,0,1
토론토증권거래소/NNG,2,0,2
고위직/NNG,1,0,1
중진/NNG,1,0,1
시아/NNG,8,0,8
무회계/NNG,3,0,3
개시일/NNG,2,0,2
입회/NNG,2,0,2
한정의견/NNG,7,0,7
낙폭/NNG,4,1,3
던져진/VV,1,0,1
쌓일/VV,1,0,1
입체/NNG,1,0,1
그날/NNG,6,3,3
차오르/VV,1,0,1
비명/NNG,1,0,1
꺼질지/VV,1,0,1
구른다/VV,1,0,1
외부감사/NNG,5,0,5
의견거절/NNG,3,0,3
감사의견/NNG,5,0,5
공인회계사/NNG,1,0,1
적정의견/NNG,3,0,3
준칙/NNG,1,0,1
사가/NNG,1,0,1
감사인/NNG,1,0,1
임금/NNG,3,1,2
추심/NNG,1,0,1
fed/NNG;테이퍼링/NNG;양적완화/NNG;축소/NNG,1,0,1
ecb/NNG;양적완화/NNG;확대/NNG,1,0,1
국채/NNG;수익률/NNG;급등/NNG,1,0,1
금리/NNG;상승/NNG;완화/NNG,1,0,1
국채/NNG;금리/NNG;상승/NNG,2,1,1
차입/NNG;비용/NNG;증가/NNG,1,0,1
통화/NNG;가격/NNG;떨어/VV,1,0,1
양적완화/NNG;종료/NNG,1,0,1
무역/NNG;줄/VV,1,0,1
지연/NNG;높/VA,1,0,1
물가/NNG;잡/VV,1,0,1
뒤따른다/VV,1,0,1
국무/NNG,5,1,4
실은/MAG,4,2,2
원도/NNG,1,0,1
낸다든지/VV,1,0,1
대리/NNG,3,0,3
직권조사/NNG,1,0,1
시정/NNG,2,0,2
불공정거래/NNG,1,0,1
쏠렸/VV,1,0,1
쏟아질/VV,1,0,1
따랐/VV,1,0,1
결정과정/NNG,1,0,1
부호/NNG,1,0,1
망가졌/VV,1,0,1
무분별/NNG,2,1,1
얼/VV,1,0,1
무능/NNG,1,0,1
잡서/NNG,1,0,1
삼가/VV,2,1,1
신고점/NNG,11,3,8
긴축정책/NNG,10,4,6
채무증권/NNG,1,0,1
달러부채/NNG,1,0,1
줄어야/VV,1,0,1
조바심/NNG,1,0,1
유로달러/NNG,1,0,1
파월/NNG,1,0,1
안겨준/VV,1,0,1
수출업체/NNG,1,0,1
정계/NNG,2,1,1
복잡다단/NNG,3,2,1
의외/NNG,1,0,1
위키/NNG,2,0,2
손발/NNG,1,0,1
겉/VA,1,0,1
전지전능/NNG,2,0,2
조그마/NNG,1,0,1
과민/NNG,1,0,1
속력/NNG,1,0,1
무한정/NNG,2,1,1
바닥나/VV,3,0,3
고장나/VV,1,0,1
우하/NNG,1,0,1
하한/NNG,1,0,1
획일화/NNG,1,0,1
로인/NNG,1,0,1
가치투자/NNG,1,0,1
종목선정/NNG,1,0,1
총알/NNG,1,0,1
전재/NNG,1,0,1
발간/VA,1,0,1
승/NNG,3,0,3
고질병/NNG,1,0,1
리프/NNG,2,0,2
비춰볼/VV,1,0,1
이비/NNG,1,0,1
향할지/VV,1,0,1
불안해하/VV,1,0,1
벨/VV,1,0,1
뮬/NNG,1,0,1
충전재/NNG,1,0,1
망설이/VV,3,0,3
력도/NNG,1,0,1
호평/NNG,1,0,1
쿨리/NNG,3,0,3
칸/VV,3,0,3
피해/NNG;확산/NNG,1,1,0
투자/NNG;과열/NNG,1,1,0
불안/NNG;증폭/NNG,1,1,0
해지/NNG;어렵/VA,1,1,0
가격/NNG;뛰/VV,1,1,0
수익/NNG;늘/VV,1,1,0
당정/NNG,1,1,0
중장년층/NNG,4,4,0
발령/NNG,2,2,0
스펙/NNG,2,2,0
대기표/NNG,1,1,0
들르/VV,1,1,0
잠겨서/VV,1,1,0
일회성/NNG,2,1,1
고객만족도/NNG,2,2,0
안정책/NNG,1,1,0
포상금/NNG,4,3,1
재화/NNG,5,3,2
한철/NNG,1,1,0
습득/NNG,1,1,0
데려오/VV,1,1,0
난리난/VV,1,1,0
파격/NNG,1,1,0
쩍/MAG,1,1,0
원상/NNG,1,1,0
판매회사/NNG,1,1,0
유혹/NNG,2,2,0
휴지/NNG,1,1,0
직급/NNG,1,1,0
사단/NNG,1,1,0
반품/NNG,1,1,0
일체/NNG,4,2,2
확약/NNG,2,1,1
매입/NNG;가격/NNG;낮/VV,1,0,1
고용/NNG;불안/NNG,1,0,1
지수/NNG;하락/NNG,2,0,2
피해/NNG;않/VX,1,0,1
불안/NNG;잡/VV,1,0,1
기대/NNG;꺾/VV,1,0,1
기업인수/NNG,3,0,3
합체/NNG,3,0,3
합쳐질/VV,1,0,1
평행선/NNG,1,0,1
자명/NNG,1,0,1
조/VV,1,0,1
어떨지는/VA,1,0,1
전통적금융시장/NNG,1,0,1
날리/VV,1,0,1
신나/VV,1,0,1
들릴지/VV,1,0,1
멋있/VA,1,0,1
괴물/NNG,4,0,4
이쯤/NNG,1,0,1
통찰력/NNG,1,0,1
초두/NNG,1,0,1
재벌그룹/NNG,1,0,1
산업군/NNG,7,0,7
노린다고/VV,1,0,1
도드라지/VV,1,0,1
엄두/NNG,3,0,3
한탕/NNG,1,0,1
문기/NNG,1,0,1
엿봤/VV,1,0,1
눌렀/VV,1,0,1
들려온/VV,1,0,1
새마을금고/NNG,1,0,1
특판/NNG,1,0,1
물린/VV,1,0,1
업해/NNG,1,0,1
소외감/NNG,1,0,1
슈퍼개미/NNG,1,0,1
심장/NNG,3,0,3
머릿속/NNG,1,0,1
찼/VV,1,0,1
시드머니/NNG,2,0,2
알려준/VV,2,0,2
물타기/NNG,1,0,1
저/VV,2,0,2
식계/NNG,1,0,1
버겁/VA,1,0,1
마냥/MAG,1,0,1
먼지/NNG,1,0,1
심해도/VA,1,0,1
지지율/NNG,1,0,1
튀어나왔/VV,1,0,1
테마/NNG,1,0,1
스윙/NNG,2,1,1
투/MAG,1,0,1
떠졌/VV,1,0,1
호출/NNG,1,0,1
상관없/VA,1,0,1
두통/NNG,1,0,1
쳐다/VV,1,0,1
잠/NNG,4,3,1
통장/NNG,1,0,1
훈수/NNG,1,0,1
친다/VV,1,0,1
꿀잠/NNG,1,0,1
잤/VV,2,1,1
그만둘/VV,1,0,1
바란다는/VV,1,0,1
점수/NNG,2,1,1
지의/NNG,1,0,1
시스템/NNG;개선/NNG,1,1,0
불확실성/NNG;많/VA,1,1,0
또래/NNG,2,2,0
사회생활/NNG,3,2,1
민망/NNG,2,2,0
창피/NNG,1,1,0
다녀도/VV,1,1,0
산다는/VV,2,1,1
사용자경험디자인/NNG,1,1,0
기왕/MAG,1,1,0
자칭/NNG,1,1,0
낯설/VA,3,3,0
잠자리/NNG,1,1,0
졸음/NNG,1,1,0
싸워야/VV,2,2,0
려고/NNG,4,4,0
스며들/VV,1,1,0
식/MAG,1,1,0
맞아떨어진/VV,2,2,0
해킹방지/NNG,2,1,1
빌더/NNG,3,3,0
어거/NNG,3,3,0
한참/MAG,3,3,0
베일/NNG,1,1,0
태서/NNG,1,1,0
말끔/NNG,1,1,0
대통령직/NNG,1,1,0
권투/NNG,1,1,0
시킬지/VV,1,1,0
호프집/NNG,1,1,0
기를/VV,1,1,0
북극성/NNG,1,1,0
꿰뚫/VV,1,1,0
곱슬머리/NNG,1,1,0
오스트리아학파/NNG,1,1,0
나눌/VV,1,1,0
학부/NNG,1,1,0
부교수/NNG,1,1,0
가려진/VV,1,1,0
나눠져/VV,1,1,0
성배/NNG,1,1,0
고전/NNG,3,2,1
유사품/NNG,2,2,0
편향/NNG,4,4,0
다이렉트메시지/NNG,1,1,0
노시/NNG,1,1,0
코딩/NNG,2,2,0
이뤄지도록/VV,1,1,0
아마추어/NNG,1,1,0
청했으나/VV,2,2,0
이혼/NNG,2,2,0
가십/NNG,1,1,0
풍속/NNG,1,1,0
분석력/NNG,1,1,0
이성론/NNG,1,1,0
챙긴/VV,3,3,0
기한다/VV,1,1,0
일으킨다면/VV,1,1,0
샌/NNG,2,2,0
조건부/NNG,1,1,0
여도/NNG,1,1,0
딕/NNG,1,1,0
오아/NNG,1,1,0
일렉트로닉/NNG,1,1,0
비조치의견서/NNG,1,1,0
답해야/VV,1,1,0
외국인투자촉진법/NNG,2,2,0
고소인/NNG,1,1,0
소환/NNG,4,1,3
인플레이션/NNG;우려/NNG;크/VV,2,2,0
글로벌/NNG;불확실성/NNG,2,2,0
인플레이션/NNG;압력/NNG,2,1,1
앞면/NNG,1,1,0
뒷면/NNG,1,1,0
이로운/VA,1,1,0
해로울/VA,1,1,0
좋아할/VV,3,3,0
스키/NNG,2,2,0
복도/NNG,1,1,0
창가/NNG,1,1,0
다각/NNG,1,1,0
양자택일/NNG,2,2,0
들린다/VV,1,1,0
이분법/NNG,1,1,0
산물/NNG,1,1,0
한물간/VV,1,1,0
무모/NNG,1,1,0
값어치/NNG,2,1,1
변혁/NNG,2,1,1
이로움/VA,2,2,0
나치/NNG,1,1,0
중단기/NNG,1,1,0
구조적/VAX;장기/NNG;침체/NNG,1,1,0
침체/NNG;저성장/NNG,1,1,0
이미/MAG;거품/NNG,1,1,0
안개/NNG,1,1,0
가벼이/MAG,2,2,0
치달으면서/VV,1,1,0
화근/NNG,1,1,0
섣불/VA,1,1,0
기류/NNG,1,1,0
단절/NNG,1,1,0
점포/NNG,3,2,1
박성/NNG,2,2,0
준비물/NNG,1,1,0
저성장/NNG,1,1,0
양극화/NNG,1,1,0
북스/NNG,1,1,0
교/NNG,1,1,0
노멀/NNG,1,1,0
편집국/NNG,1,1,0
편승/NNG,1,1,0
비춰질/VV,1,1,0
스팩/NNG,4,2,2
기념/NNG,9,6,3
개미군단/NNG,1,1,0
방증/NNG,1,1,0
들여다/MAG,2,1,1
사피엔스/NNG,1,1,0
문명/NNG,5,4,1
찬양/NNG,1,1,0
미안/NNG,3,3,0
남짓이/MAG,1,1,0
고개/NNG,3,2,1
가로저으며/VV,1,1,0
빌려준다/VV,1,1,0
고군분투/NNG,2,1,1
신성/NNG,1,1,0
찾아온다/VV,2,1,1
봉착/NNG,3,1,2
회사채/NNG,2,2,0
자연스레/MAG,2,1,1
목적의식/NNG,1,1,0
동지애/NNG,1,1,0
똘똘/MAG,1,1,0
뭉쳐/VV,1,1,0
안겨다/VV,1,1,0
열성/NNG,3,2,1
조장/NNG,2,2,0
별난/VA,1,1,0
브랜드이미지/NNG,2,2,0
조리/NNG,1,1,0
창의력/NNG,1,1,0
다진/VV,1,1,0
나스카/NNG,1,1,0
봅슬레이/NNG,1,1,0
출전/NNG,2,2,0
기발/NNG,2,2,0
나왔었/VV,1,1,0
바라지/VV,1,1,0
유머러스/NNG,2,2,0
마저/MAG,2,2,0
근소/NNG,1,1,0
에너지기업/NNG,1,1,0
장실/NNG,1,1,0
시급히/MAG,1,1,0
회견/NNG,1,1,0
부른/VV,1,1,0
젊은층/NNG,1,1,0
정책위/NNG,1,1,0
당정청/NNG,2,2,0
혼돈/NNG,1,1,0
우왕좌왕/MAG,1,1,0
갈피/NNG,1,1,0
엄포/NNG,1,1,0
위험/NNG;완전히/MAG;해소/NNG,1,1,0
투자/NNG;늘/VV;어렵/VA,1,1,0
환경/NNG;불확실/NNG,1,1,0
정책/NNG;종료/NNG,1,1,0
정책/NNG;위험/NNG,1,1,0
가격/NNG;안정/NNG,2,2,0
생산/NNG;떨어/VV,1,1,0
소비/NNG;많/VA,1,1,0
마스코트/NNG,1,1,0
짤/VV,1,1,0
따왔/VV,1,1,0
도지/VV,1,1,0
플래시애니메이션/NNG,1,1,0
겹친/VV,1,1,0
역풍/NNG,3,2,1
총합/NNG,4,3,1
탄광/NNG,12,12,0
갇히/VV,1,1,0
고된/VA,1,1,0
속한다/VV,1,1,0
태워서/VV,1,1,0
동절기/NNG,1,1,0
한할/VA,1,1,0
몽고/NNG,10,10,0
철수/NNG,2,2,0
멘톨/NNG,1,1,0
탈락/MAG,1,1,0
개년/NNG,2,2,0
공원/NNG,3,3,0
굴지/NNG,1,1,0
모여들/VV,1,1,0
호시절/NNG,1,1,0
접어드/VV,1,1,0
생애/NNG,2,2,0
기별/NNG,1,1,0
시비/NNG,3,3,0
시디/NNG,1,1,0
지기/NNG,1,1,0
탁한/VA,2,2,0
연방법원/NNG,1,1,0
데본/NNG,1,1,0
에볼루션/NNG,1,1,0
아고라/NNG,1,1,0
사고판/VV,1,1,0
가격/NNG;급등/NNG;상승/NNG,1,1,0
광부/NNG,1,1,0
은행계정/NNG,2,2,0
부동산/NNG;가격/NNG;상승/NNG,1,1,0
가격/NNG;변동성/NNG;위험/NNG,1,1,0
신용/NNG;대출/NNG;낮/VA,1,1,0
부동산/NNG;상승/NNG,2,2,0
이자율/NNG;떨어/VV,1,1,0
국채/NNG;안정/NNG,1,1,0
성장/NNG;촉진/NNG,1,1,0
이자/NNG;부담/NNG,1,1,0
위험/NNG;쉽/VA,1,1,0
미래학/NNG,1,1,0
서브프라임사태/NNG,4,4,0
서브프라임/NNG,3,3,0
대출심사/NNG,1,1,0
블랙먼데이/NNG,1,1,0
생겼을까/VV,1,1,0
남발/NNG,1,1,0
도화선/NNG,1,1,0
저당증권/NNG,2,2,0
부증/NNG,1,1,0
강아지/NNG,1,1,0
신청자/NNG,1,1,0
중수익/NNG,2,1,1
유인/NNG,4,3,1
부도난/VV,1,1,0
꽃/NNG,1,1,0
독식/NNG,1,1,0
지어서/VV,1,1,0
입장표/NNG,1,1,0
고이/NNG,1,1,0
마땅히/MAG,1,1,0
사회관계망/NNG,1,1,0
쉴/VV,1,1,0
분경/NNG,4,4,0
팬케이크/NNG,9,9,0
약정금액/NNG,1,1,0
퍼/NNG,3,2,1
인플레이션/NNG;물가/NNG;상승/NNG,2,1,1
물가/NNG;상승/NNG;우려/NNG,1,0,1
가격/NNG;하락/NNG;우려/NNG,1,0,1
수익성/NNG;악화/NNG,1,0,1
수입/NNG;줄/VV,1,0,1
발돋움/NNG,1,0,1
서양/NNG,1,0,1
받아들임/VV,1,0,1
큐레이트/NNG,1,0,1
떠나가/VV,1,0,1
엽서/NNG,1,0,1
구시대/NNG,1,0,1
망설임/NNG,1,0,1
확고히/MAG,1,0,1
벗/NNG,1,0,1
조력자/NNG,1,0,1
불참/NNG,1,0,1
멍/MAG,2,0,2
재회/NNG,1,0,1
총/NNG,3,0,3
늙/VV,1,0,1
무심/NNG,1,0,1
후계자/NNG,1,0,1
아벨/NNG,1,0,1
아지트/NNG,2,0,2
동석/NNG,1,0,1
하이라이트/NNG,5,3,2
극언/NNG,1,0,1
알쏭달쏭/MAG,1,0,1
불행/NNG,1,0,1
받아들여졌/VV,2,1,1
명이/NNG,1,0,1
역겹/VA,2,1,1
반하/VV,2,1,1
뚝딱/MAG,1,0,1
발명/NNG,1,0,1
퍼붓/VV,2,1,1
황소/NNG,1,0,1
도마/NNG,1,0,1
비행/NNG,2,1,1
료/NNG,2,0,2
승선/NNG,1,0,1
충동/NNG,2,0,2
데이트레이딩/NNG,2,0,2
뒷문상장/NNG,1,0,1
겨누/VV,1,0,1
개별종목/NNG,1,0,1
소신/NNG,1,0,1
피력/NNG,2,0,2
달궈/VV,1,0,1
개회사/NNG,3,2,1
절벽/NNG,1,0,1
굴러떨어졌/VV,1,0,1
지어낸/VV,1,0,1
하순/NNG,1,0,1
일경/NNG,2,1,1
멤/NNG,3,0,3
차익거래자/NNG,7,0,7
싸였/VV,1,0,1
점령/NNG,1,0,1
자양분/NNG,1,0,1
대안화폐/NNG,1,0,1
키워갔/VV,1,0,1
풀기/NNG,1,0,1
영속성/NNG,1,0,1
퍼뜨렸/VV,1,0,1
블랙스완/NNG,1,0,1
원한다면/VV,1,0,1
올리브/NNG,7,0,7
땅값/NNG,1,0,1
수확물/NNG,1,0,1
간지/VV,1,0,1
눈독/NNG,1,0,1
대인/NNG,4,2,2
매개자/NNG,1,0,1
사학자/NNG,1,0,1
턴/NNG,2,0,2
먹음직/NNG,1,0,1
사냥감/NNG,1,0,1
신기술/NNG,1,0,1
개소/NNG,1,0,1
잘/VA,1,0,1
쪼갠/VV,1,0,1
유럽투자은행/NNG,2,0,2
디지털채권/NNG,1,0,1
갈아치우/VV,2,1,1
파도타기/NNG,1,0,1
프티/NNG,27,0,27
폰지게임/NNG,1,0,1
기극/NNG,1,0,1
파국/NNG,1,0,1
메이도프/NNG,2,0,2
후예/NNG,1,0,1
신랄/NNG,2,1,1
광란/NNG,1,0,1
벼랑/NNG,2,1,1
투자자문사/NNG,1,0,1
되묻/VV,1,0,1
뒤흔들/VV,2,0,2
뒤따랐/VV,1,0,1
다양/NNG;위험/NNG,1,0,1
위험/NNG;크/VV,1,0,1
권고사직/NNG,1,0,1
허망/NNG,1,0,1
불록/NNG,1,0,1
출렁이/VV,1,0,1
차려야/VV,1,0,1
중독/NNG,11,0,11
처방/NNG,1,0,1
증상/NNG,2,0,2
박문/NNG,1,0,1
경마/NNG,1,0,1
독문/NNG,1,0,1
증식/NNG,2,0,2
등락폭/NNG,1,0,1
전문의/NNG,1,0,1
잠드/VV,1,0,1
몰입/NNG,2,0,2
도파민/NNG,1,0,1
분비/NNG,1,0,1
전두엽/NNG,1,0,1
시류/NNG,1,0,1
식중독/NNG,1,0,1
클리닉/NNG,2,0,2
끌/NNG,1,0,1
이오/NNG,5,0,5
무려/NNG,1,0,1
리안/NNG,5,1,4
한동안/MAG,2,0,2
텔/NNG,1,0,1
폭탄/NNG,1,0,1
유례없/VA,1,0,1
가용/NNG,1,0,1
에피/NNG,3,0,3
션트/NNG,3,0,3
숨고르기/NNG,2,1,1
금은/NNG,2,1,1
저점/NNG;찍/VV;상승/NNG,1,1,0
투기/NNG;확산/NNG,1,1,0
아이피/NNG,1,1,0
철자/NNG,2,2,0
속인다/VV,1,1,0
경찰서/NNG,1,1,0
수사력/NNG,1,1,0
국번/NNG,1,1,0
찬반/NNG,2,2,0
논하/VV,2,2,0
알권리/NNG,1,1,0
인치/NNG,4,1,3
엮이/VV,1,1,0
직역/NNG,1,1,0
버추얼/NNG,1,1,0
대상금액/NNG,1,1,0
이피니/NNG,2,1,1
쉬/MAG,3,1,2
코미디/NNG,1,0,1
기밀문서/NNG,1,0,1
알뜰/NNG,1,0,1
만국/NNG,1,0,1
죽여/VV,1,0,1
의뢰/NNG,3,2,1
긍정적/VAX;모멘텀/NNG,1,0,1
안정/NNG;아니/VCN,1,0,1
지수/NNG;증가/NNG,1,0,1
무근/NNG,1,0,1
치른/VV,2,0,2
바둑/NNG,12,0,12
사라진다/VV,2,1,1
하나하나/NNG,2,1,1
지녀/VV,1,0,1
만나/NNG,2,1,1
재미난/VV,1,0,1
슛/NNG,1,0,1
상징물/NNG,1,0,1
입단/NNG,2,1,1
은퇴/NNG,2,0,2
둬야지/VV,1,0,1
명국/NNG,1,0,1
배운/VV,1,0,1
패자/NNG,1,0,1
이길/VV,1,0,1
어서/MAG,1,0,1
파워볼/NNG,1,0,1
고와/NNG,1,0,1
자부심/NNG,1,0,1
이긴다는/VV,1,0,1
괴로운/VA,1,0,1
값지/VA,1,0,1
겨뤄/VV,1,0,1
단의/NNG,1,0,1
소망/NNG,1,0,1
둔다면/VV,1,0,1
쓸까/VV,1,0,1
바꿀까/VV,1,0,1
혈액/NNG,1,0,1
안드레/NNG,1,0,1
크로네/NNG,1,0,1
바짝/MAG,1,0,1
피터/NNG,1,0,1
챈/VV,1,0,1
석관/NNG,1,0,1
텀/NNG,3,0,3
되게/MAG,3,0,3
중기/NNG,7,4,3
가격/NNG;일시적/VAX,3,2,1
일시적/VAX;급락/NNG,1,0,1
시장접근/NNG,1,0,1
나눠서/VV,1,0,1
띄우기/NNG,1,0,1
분만/NNG,1,0,1
경기/NNG;과열/NNG;물가/NNG;상승/NNG,1,0,1
양적완화/NNG;정책/NNG;축소/NNG,1,0,1
긴축정책/NNG;경기/NNG;과열/NNG,1,0,1
양적완화/NNG;정책/NNG;확대/NNG,1,0,1
소비자/NNG;물가/NNG;급등/NNG,2,1,1
소비자/NNG;물가/NNG;증가/NNG,1,0,1
글로벌/NNG;시장/NNG;우려/NNG,1,0,1
부채/NNG;상환/NNG;불가능/NNG,1,0,1
소비자/NNG;물가/NNG;오르/VV,1,0,1
금리/NNG;지나치/VA;오르/VV,1,0,1
물가/NNG;상승/NNG;막/VV,1,0,1
물가/NNG;잡/VV;못하/VX,1,0,1
채권시장/NNG;양적완화/NNG,1,0,1
붕괴/NNG;위험/NNG,1,0,1
재정/NNG;부담/NNG,1,0,1
물가/NNG;안정/NNG,1,0,1
부채/NNG;늘/VV,1,0,1
기대/NNG;크/VV,1,0,1
부류/NNG,3,2,1
말장난/NNG,1,0,1
떠받쳤/VV,1,0,1
존경/NNG,1,0,1
트럭/NNG,1,0,1
운전기사/NNG,1,0,1
거둬들일/VV,1,0,1
완전고용/NNG,1,0,1
표면상/NNG,2,1,1
줬으나/VV,1,0,1
나타날까/VV,1,0,1
의회예산국/NNG,1,0,1
베이비/NNG,1,0,1
메디케어/NNG,1,0,1
유통시장/NNG,1,0,1
가져와/VV,1,0,1
시시/NNG,1,0,1
치량/NNG,1,0,1
말길/NNG,1,0,1
빌링시스템/NNG,3,0,3
양해각서/NNG,1,0,1
매각설/NNG,1,0,1
똥/NNG,1,0,1
자책/NNG,1,0,1
답글/NNG,2,0,2
출렁였/VV,2,1,1
시중/NNG;유동성/NNG;줄/VV,1,1,0
인플레이션/NNG;일시적/VAX,2,2,0
하락/NNG;최저/NNG,1,1,0
금리/NNG;인상/NNG,3,1,2
회복/NNG;찬물/NNG,1,1,0
재무관리/NNG,1,1,0
야코/NNG,3,3,0
버니/NNG,6,6,0
빌렸/VV,1,1,0
빌려간/VV,1,1,0
무너뜨려/VV,1,1,0
폭포수/NNG,1,1,0
지지선/NNG,11,8,3
질렸/VV,1,1,0
돌아왔/VV,5,3,2
트롤/NNG,1,1,0
떠들/VV,1,1,0
앞지른다/VV,1,1,0
핫머니/NNG,1,1,0
감소분/NNG,2,1,1
중국발/NNG,1,1,0
의사록/NNG,7,7,0
거치/NNG,1,0,1
부정행위/NNG,3,1,2
구조화/NNG,2,0,2
구조화채권/NNG,1,0,1
자산시장/NNG;거품/NNG;우려/NNG,1,1,0
인플레이션/NNG;오르/VV,1,1,0
집/NNG;살/VV;없/VA,1,1,0
고점/NNG;하락/NNG,1,1,0
투자/NNG;쉽/VA,1,1,0
불붙/VV,2,2,0
맞불/NNG,1,1,0
두둔/NNG,2,2,0
비관론자/NNG,1,1,0
닥터둠/NNG,1,1,0
석기/NNG,1,1,0
조개껍데기/NNG,1,1,0
잘라/VV,5,2,3
수상자/NNG,1,1,0
시립/NNG,1,1,0
태어난지/VV,1,1,0
재연/NNG,2,1,1
단단히/MAG,1,1,0
날카롭/VA,1,1,0
경고음/NNG,1,1,0
투자기업/NNG,1,1,0
금융감독기관/NNG,1,1,0
에리스/NNG,1,1,0
시키/VV,2,2,0
심해질수록/VA,1,1,0
시바/NNG,1,1,0
지나갈/VV,1,1,0
회색/NNG,2,1,1
일부러/MAG,1,1,0
좌절감/NNG,1,1,0
박탈감/NNG,1,1,0
욕망/NNG,1,1,0
꺼려왔/VV,1,1,0
물어본/VV,2,2,0
물으/VV,1,1,0
투자/NNG;관심/NNG;높/VA,1,1,0
강력범/NNG,1,1,0
합하/VV,1,1,0
경기청/NNG,1,1,0
속여/NNG,1,1,0
가로챈/VV,1,1,0
밝혔으며/VV,1,1,0
일러/VA,1,1,0
올려질/VV,1,1,0
카드업계/NNG,2,2,0
대립각/NNG,1,0,1
참가비/NNG,1,0,1
우려/NNG;증가/NNG,1,0,1
체납자/NNG,9,8,1
가격차/NNG,2,1,1
환치기/NNG,12,11,1
차일/NNG,2,0,2
비둘기/NNG,2,0,2
텐텐/NNG,2,0,2
특가/NNG,1,0,1
추징/NNG,1,0,1
입금액/NNG,3,0,3
대별/NNG,1,0,1
신량/NNG,2,0,2
가시성/NNG,1,0,1
가격/NNG;불안정/NNG,1,1,0
공급/NNG;감소/NNG,1,1,0
스프린트/NNG,1,1,0
꾸린/VV,3,2,1
그림자금융/NNG,1,1,0
암화/NNG,1,1,0
개리/VV,3,3,0
타진/NNG,1,1,0
나눈/VV,2,1,1
기로/NNG,1,1,0
한자리수/NNG,1,1,0
베이비부머/NNG,1,1,0
전도유망/NNG,1,1,0
비용/NNG;많/VA,1,0,1
법조인/NNG,2,0,2
눈엣가시/NNG,1,0,1
메두사/NNG,1,0,1
갈퀴/NNG,1,0,1
자라나/VV,2,1,1
혼재/NNG,1,0,1
마르크/NNG,1,0,1
수탁자/NNG,1,0,1
각고/NNG,1,0,1
포도/NNG,1,0,1
법학자/NNG,1,0,1
삽입/NNG,2,1,1
패널리스트/NNG,1,0,1
재중/NNG,1,0,1
앙화/NNG,1,0,1
떠맡/VV,1,0,1
만만/NNG,1,0,1
쓰리/VV,1,0,1
회당/NNG,1,0,1
업과/NNG,2,0,2
사손/NNG,1,0,1
일문일답/NNG,1,0,1
교차/NNG,3,1,2
싱글/MAG,3,0,3
불공정거래행위/NNG,5,2,3
디코드/NNG,2,0,2
밝힌다/VV,1,0,1
봤으나/VV,2,1,1
감량/NNG,1,1,0
철학자/NNG,1,1,0
리니어/NNG,1,1,0
콘트랙트/NNG,3,3,0
파라/NNG,5,5,0
합성자산/NNG,1,1,0
가성비/NNG,1,1,0
티비/NNG,1,1,0
산업/NNG;크/VV,1,0,1
차입매수/NNG,1,0,1
사라짐/VV,1,0,1
앞지른/VV,1,0,1
일수/NNG,1,0,1
송유관/NNG,2,0,2
콜로니얼/NNG,1,0,1
파이프라인/NNG,1,0,1
옮긴다고/VV,2,1,1
매이/NNG,1,0,1
직군/NNG,4,2,2
오닉스/NNG,1,0,1
가산점/NNG,1,0,1
취향/NNG,3,2,1
후불/NNG,1,0,1
초월/NNG,2,0,2
그레/VV,2,1,1
마스터플랜/NNG,1,0,1
균일/NNG,1,0,1
어나니머스/NNG,3,0,3
떨어뜨려서/VV,1,0,1
망쳤/VV,1,0,1
인연/NNG,1,0,1
단기/NNG;모멘텀/NNG,1,0,1
변동성/NNG;급등/NNG,1,0,1
하방/NNG;압력/NNG,1,0,1
고점/NNG;지지/NNG,1,0,1
낮/VA;고점/NNG,1,0,1
감시망/NNG,2,0,2
택스갭/NNG,1,0,1
때/VV,1,0,1
퍽/NNG,1,0,1
나단/NNG,1,0,1
카를로스/NNG,1,0,1
다수당/NNG,2,0,2
막대/NNG;재정/NNG;적자/NNG,1,1,0
불확실성/NNG;증가/NNG,1,1,0
일시적/VAX;급등/NNG,1,1,0
변동성/NNG;증가/NNG,1,1,0
식스/NNG,1,1,0
퀵/NNG,1,1,0
나이브/NNG,6,6,0
공용/NNG,1,1,0
뜨뜻미지근/NNG,1,1,0
얼러/VV,1,1,0
극단적/VAX,6,2,4
케어/NNG,1,1,0
거한/NNG,1,1,0
엄밀/NNG,1,1,0
지열/NNG,2,1,1
중미/NNG,2,1,1
청정에너지/NNG,2,2,0
최남단/NNG,1,1,0
버텨낼/VV,2,1,1
현장실사/NNG,2,1,1
감점/NNG,1,1,0
순수익/NNG,3,3,0
유상증자/NNG,3,3,0
fed/NNG;양적완화/NNG;정책/NNG;축소/NNG,1,0,1
채권/NNG;수익률/NNG;상승/NNG,1,0,1
하락/NNG;지수/NNG;하락/NNG,1,0,1
가격/NNG;부담/NNG,1,0,1
투자/NNG;축소/NNG,1,0,1
급락/NNG;저점/NNG,1,0,1
소비/NNG;우려/NNG,1,0,1
녹색금융/NNG,3,0,3
기술금융/NNG,2,1,1
조새/NNG,1,0,1
단시간/NNG,1,0,1
꾸렸/VV,1,0,1
엄/NNG,1,0,1
롱숏/NNG,1,0,1
옵션프리미엄/NNG,1,0,1
분포/NNG,2,0,2
재한/NNG,3,1,2
스텝/NNG,1,0,1
파르시/NNG,1,0,1
원회/NNG,2,1,1
드롭스/NNG,2,0,2
소년/NNG,1,0,1
금리/NNG;높/VA,1,0,1
돌려줄/VV,2,0,2
썼으며/VV,1,0,1
행방/NNG,1,0,1
코모도/NNG,1,0,1
늄/NNG,1,0,1
쉽/NNG,1,0,1
픽셀/NNG,11,0,11
오크/NNG,1,0,1
소명/NNG,4,0,4
래스/NNG,1,0,1
순포지션/NNG,3,0,3
데드크로스/NNG,4,1,3
초입/NNG,2,1,1
점도표/NNG,4,3,1
베이시스포인트/NNG,1,0,1
쟁취/NNG,1,0,1
회오리바람/NNG,1,0,1
용일/NNG,1,0,1
깐깐/NNG,1,0,1
정해서/VV,1,0,1
벌어/VV,1,0,1
이산/NNG,1,0,1
대수/NNG,1,0,1
적대국/NNG,1,0,1
인바/NNG,1,0,1
마스트/NNG,1,0,1
개량/NNG,1,0,1
구문/NNG,1,0,1
외함/NNG,1,0,1
감출/VV,1,0,1
색출/NNG,1,0,1
면담/NNG,3,0,3
웨/NNG,1,0,1
탄/NNG,1,0,1
상부/NNG,1,0,1
우정/MAG,1,0,1
즈푸바오/NNG,1,0,1
군중/NNG,1,0,1
영문/NNG,3,1,2
구르/NNG,1,0,1
꼽혀왔/VV,1,0,1
국무원/NNG,4,3,1
장마철/NNG,1,0,1
바랐/VV,1,0,1
구조/NNG;악화/NNG,1,1,0
수입/NNG;늘/VV,1,1,0
수입/NNG;많/VA,1,1,0
악몽/NNG,2,2,0
무더기/NNG,2,2,0
합쳐져/VV,1,1,0
열중/NNG,2,2,0
공시방법/NNG,1,1,0
정상급/NNG,2,2,0
일견/MAG,1,1,0
서리/NNG,1,1,0
건넨/VV,1,1,0
아로와나/NNG,3,3,0
방관/NNG,2,2,0
안일/NNG,1,1,0
양화/NNG,1,1,0
종당/NNG,1,1,0
아이아르아이/NNG,1,1,0
고속/NNG,2,2,0
여름철/NNG,1,1,0
빈번/NNG,2,2,0
모스/NNG,1,1,0
빈발/NNG,1,1,0
되사/VV,1,1,0
어지러울/VA,1,1,0
반납/NNG,1,1,0
이평선/NNG,11,6,5
죽음/NNG,2,2,0
선인/NNG,3,1,2
이어서/MAG,2,2,0
희/NNG,2,2,0
야리/NNG,2,2,0
시야/NNG,1,1,0
견뎌/VV,2,2,0
택해/VV,1,1,0
에테/NNG,2,2,0
기라/NNG,3,3,0
링크트인/NNG,1,1,0
미타/NNG,1,1,0
선도기업/NNG,2,1,1
진척/NNG,1,1,0
이통/NNG,1,1,0
프랑/NNG,3,3,0
고점/NNG;찍/VV;하락/NNG,1,1,0
유통량/NNG;증가/NNG,1,1,0
돈/NNG;위험/NNG,1,1,0
수익/NNG;줄/VV,1,1,0
온데간데없이/MAG,1,1,0
망해/NNG,1,1,0
멘탈/NNG,1,1,0
되짚/VV,1,1,0
널렸/VV,1,1,0
산량/NNG,1,1,0
여긴다는/VV,1,1,0
비꼼/VV,1,1,0
신박/NNG,1,1,0
익히/MAG,1,1,0
뉴비/NNG,1,1,0
가뿐히/MAG,1,1,0
손상/NNG,1,1,0
고부가가치/NNG,1,1,0
경영자/NNG,1,1,0
재무전략/NNG,1,1,0
고갈/NNG,2,1,1
알려질/VV,1,1,0
비속어/NNG,1,1,0
알려졌었/VV,1,1,0
일러도/VV,1,1,0
싸울/VV,1,1,0
말벌/NNG,2,2,0
물렸/VV,1,1,0
생산국/NNG,1,1,0
굴왕/NNG,1,1,0
고철/NNG,1,1,0
영미/NNG,1,1,0
접한다/VV,1,1,0
화력/NNG,1,1,0
건설붐/NNG,1,1,0
도심지/NNG,3,3,0
야안/NNG,3,3,0
예의/NNG,1,1,0
껐/VV,2,2,0
낙후지역/NNG,2,2,0
인맥/NNG,1,1,0
망하/VV,1,1,0
영향권/NNG,1,1,0
아머/NNG,2,2,0
면정/NNG,1,1,0
해태/NNG,1,1,0
가격/NNG;확산/NNG,1,0,1
구입비/NNG,1,0,1
미상/NNG,7,2,5
띵/MAG,1,0,1
전문경영인/NNG,1,0,1
회계사/NNG,1,0,1
삼정/NNG,1,0,1
경영전략/NNG,1,0,1
위험자산/NNG;불안/NNG,1,1,0
변동성/NNG;감소/NNG,1,1,0
하방/NNG;위험/NNG,1,1,0
콤비/NNG,11,11,0
합격/NNG,15,15,0
미소/NNG,3,3,0
꿀/NNG,2,2,0
스타트업액셀러레이터/NNG,1,1,0
카트/NNG,1,1,0
이상향/NNG,1,1,0
거쳐갔/VV,1,1,0
연지/VV,1,1,0
스쿨/NNG,2,2,0
수강/NNG,2,2,0
이용권/NNG,1,1,0
혹해서/VV,1,1,0
밑져야/VV,1,1,0
본전/NNG,1,1,0
알아낸/VV,1,1,0
솔로/NNG,1,1,0
올인/NNG,1,1,0
캘린더/NNG,1,1,0
데드라인/NNG,3,3,0
지원서/NNG,8,8,0
알림/VV,3,3,0
발등/NNG,1,1,0
부랴부랴/MAG,2,2,0
데모/NNG,4,3,1
어림잡/VV,1,1,0
하얘지/VV,1,1,0
멍해졌/VA,1,1,0
구구절절/MAG,1,1,0
담백/NNG,2,2,0
팍팍/MAG,1,1,0
날려/VV,1,1,0
차리/VV,1,1,0
빗댄/VV,2,2,0
함축/NNG,2,1,1
퇴고/NNG,1,1,0
대본/NNG,1,1,0
반수/NNG,1,1,0
대잔치/NNG,1,1,0
후다닥/MAG,2,2,0
창밖/NNG,1,1,0
환해졌/VA,1,1,0
눈꺼풀/NNG,1,1,0
천근만근/NNG,1,1,0
초인/NNG,1,1,0
집중력/NNG,1,1,0
막판/NNG,2,1,1
갈아엎/VV,1,1,0
수자/NNG,1,1,0
교착/NNG,1,1,0
델타/NNG,4,3,1
감마/NNG,1,1,0
소진/NNG,1,1,0
라지캡/NNG,1,1,0
매해/MAG,1,1,0
리자/NNG,2,2,0
붙인다면/VV,1,1,0
전력시장/NNG,1,1,0
죽이/VV,1,1,0
노동위원회/NNG,1,0,1
정지열/NNG,1,0,1
사업권/NNG,1,0,1
전문위원/NNG,1,0,1
잠그/VV,1,0,1
인질/NNG,1,0,1
해피/NNG,1,0,1
앨런/NNG,1,0,1
린스/NNG,1,0,1
진본/NNG,1,0,1
야가/NNG,1,0,1
안회/NNG,1,0,1
유치원/NNG,1,0,1
해선/VV,1,0,1
유동성/NNG;감소/NNG,1,0,1
저하/NNG;방지/NNG,1,0,1
금리/NNG;최대/NNG,1,0,1
자산/NNG;상승/NNG,4,2,2
자기자본비율/NNG,1,0,1
이을/VV,1,0,1
전사/NNG,1,0,1
토록/NNG,1,0,1
위험등급/NNG,1,0,1
도저/NNG,7,0,7
얼/NNG,1,0,1
타이틀/NNG,1,0,1
페이퍼리스/NNG,7,0,7
동의서/NNG,1,0,1
대용량/NNG,2,0,2
트라이얼/NNG,1,0,1
평준/NNG,1,0,1
각도/NNG,1,0,1
재량껏/MAG,1,0,1
영업이익/NNG;오르/VV,1,1,0
인토/NNG,1,1,0
백스/NNG,1,1,0
소홀히/MAG,1,1,0
면책/NNG,1,1,0
떠넘긴/VV,1,1,0
득/MAG,2,2,0
포렉스/NNG,5,5,0
거래소법/NNG,2,2,0
칼리/NNG,2,2,0
니원/NNG,4,0,4
커스터마이징/NNG,1,0,1
옴/VV,1,0,1
병무청/NNG,3,0,3
기획팀/NNG,1,0,1
생년월일/NNG,2,1,1
복학/NNG,1,0,1
복무/NNG,1,0,1
공무원증/NNG,1,0,1
소위원회/NNG,1,0,1
가나/NNG,5,0,5
모던/NNG,1,0,1
다큐멘터리/NNG,13,13,0
정원/NNG,1,1,0
미러/NNG,2,2,0
작비/NNG,1,1,0
행정지도/NNG,1,1,0
산법/NNG,1,1,0
논/VV,3,2,1
지호/NNG,2,2,0
저린/VV,3,2,1
올바로/MAG,1,1,0
창조자/NNG,1,1,0
다이브/NNG,1,1,0
폴리곤/NNG,13,5,8
콜렉션/NNG,7,5,2
돌체/NNG,3,3,0
생생/NNG,1,1,0
컬렉션/NNG,8,4,4
톱/NNG,5,0,5
작곡/NNG,1,0,1
두려움/NNG;불확실성/NNG,1,1,0
회복/NNG;불가능/NNG,1,1,0
가격/NNG;불안/NNG,1,1,0
불안/NNG;최악/NNG,1,1,0
생산성/NNG;높/VV,1,1,0
불안/NNG;쉽/VA,1,1,0
상습/NNG,2,2,0
강박/NNG,4,4,0
치료사/NNG,4,4,0
담자/NNG,4,4,0
우울증/NNG,1,1,0
외상후스트레스장애/NNG,1,1,0
공황발작/NNG,1,1,0
외상/NNG,1,1,0
맛볼/VV,1,1,0
불어난다/VV,1,1,0
자존/NNG,1,1,0
담뱃갑/NNG,1,1,0
짙/VA,1,1,0
만족도/NNG,1,1,0
든다면/VV,1,1,0
스퀘어포지션/NNG,1,1,0
매수금액/NNG,1,1,0
물리칠/VV,1,1,0
잡초/NNG,1,1,0
표면/NNG,1,1,0
눈앞/NNG,1,1,0
멈춰섰/VV,1,1,0
맞물린다/VV,1,1,0
뒤흔드/VV,1,1,0
올라온다/VV,2,1,1
아르/NNG,3,2,1
썰물/NNG,1,1,0
천/NNG,2,2,0
진상/NNG,1,1,0
자수/NNG,1,1,0
현상금/NNG,1,1,0
쉐/NNG,1,1,0
걸립니다/VV,1,1,0
색다르/VA,3,2,1
끈/VV,2,1,1
단추/NNG,1,1,0
투박/NNG,1,1,0
메시지서비스/NNG,1,1,0
원한다고/VV,1,1,0
틈새/NNG,1,1,0
맞아떨어져/VV,1,1,0
스로/NNG,1,1,0
삭과/NNG,1,1,0
최대/NNG;하락/NNG,1,0,1
변동성/NNG;낮/VV,1,0,1
변동성/NNG;크/VV,4,1,3
재정/NNG;줄/VV,1,0,1
나비/NNG,3,1,2
매니페스토/NNG,1,0,1
미덕/NNG,4,0,4
강점기/NNG,1,0,1
문화재/NNG,3,0,3
따라올/VV,1,0,1
소비자금융/NNG,1,0,1
모의실험/NNG,2,1,1
월부/NNG,1,0,1
추도/NNG,1,0,1
두민/NNG,2,0,2
판화/NNG,1,0,1
사격/NNG,1,0,1
특전/NNG,1,0,1
출생지/NNG,1,1,0
성명문/NNG,1,1,0
입법부/NNG,1,1,0
유럽의회/NNG,1,1,0
결정권/NNG,2,1,1
입법화/NNG,1,1,0
워드/NNG,4,3,1
팔려/VV,1,1,0
대부업/NNG,3,2,1
조속/NNG,2,1,1
잔존/NNG,1,1,0
채권추심업무/NNG,1,1,0
채권추심/NNG,1,1,0
상환자금/NNG,1,1,0
이를지/VV,1,1,0
심각/NNG;악영향/NNG,1,1,0
비비/NNG,1,1,0
비비/MAG,1,1,0
지하철/NNG,1,1,0
인사이더/NNG,3,1,2
되파/VV,1,1,0
부린다/VV,1,1,0
국부/NNG,1,1,0
엄단/NNG,1,1,0
방지책/NNG,1,1,0
페이퍼컴퍼니/NNG,2,2,0
탈락/NNG,2,2,0
두근두근/MAG,1,1,0
폭격/NNG,2,2,0
구렁텅이/NNG,1,1,0
말려들/VV,1,1,0
후일담/NNG,1,1,0
잽/NNG,2,2,0
경험담/NNG,1,1,0
툭/MAG,1,1,0
명료/NNG,2,2,0
명치/NNG,2,2,0
심금/NNG,2,2,0
울리/VV,2,2,0
어퍼컷/NNG,2,2,0
명중/NNG,2,2,0
엘리베이터피치/NNG,1,1,0
귀하/VA,2,2,0
뽐/NNG,2,2,0
결판/NNG,2,2,0
시뮬레이터/NNG,1,1,0
솟아났/VV,1,1,0
기상/NNG,1,1,0
수능/NNG,2,2,0
홀더/NNG,3,1,2
화색/NNG,1,1,0
쏙쏙/MAG,1,1,0
샌드백/NNG,1,1,0
퍽퍽/MAG,1,1,0
꽂히/VV,1,1,0
흐뭇/NNG,1,1,0
끄덕였/VV,1,1,0
고분고분/MAG,1,1,0
분도/NNG,1,1,0
느껴졌/VV,1,1,0
알려준다고/VV,2,2,0
불합격/NNG,6,6,0
좁혀졌/VV,2,2,0
편히/MAG,1,1,0
방전/NNG,1,1,0
외장/NNG,2,2,0
만무/NNG,1,1,0
월급/NNG,1,1,0
밤중/NNG,1,1,0
온다더니/VV,1,1,0
뜻밖에/MAG,1,1,0
전화벨/NNG,1,1,0
울렸/VV,1,1,0
기뻐/VA,1,1,0
위험/NNG;높/VA;위험/NNG,1,1,0
어렵/VA;한계/NNG,1,1,0
전심/NNG,1,1,0
불응/NNG,1,1,0
수색/NNG,1,1,0
외치/VV,1,1,0
유의미/NNG,1,1,0
마음먹/VV,1,1,0
어렸/VA,1,1,0
창작가/NNG,1,1,0
모듈화/NNG,1,1,0
겸한/VV,1,1,0
시스템/NNG;위험/NNG;우려/NNG,1,1,0
가격/NNG;변동/NNG;심하/VA,2,1,1
금융시스템/NNG;위협/NNG,1,1,0
금융시스템/NNG;위험/NNG,1,1,0
수익성/NNG;회복/NNG,1,1,0
안정성/NNG;위협/NNG,1,1,0
의구심/NNG;없/VA,1,1,0
비용/NNG;작/VA,1,1,0
기다려온/VV,1,1,0
옴/NNG,1,1,0
카르/NNG,2,2,0
콜가격/NNG,1,1,0
콘탱고/NNG,4,4,0
cds/NNG,2,2,0
원리금/NNG,1,1,0
신용파생상품/NNG,1,1,0
외가격/NNG,1,1,0
에코/NNG,1,1,0
넬슨/NNG,1,1,0
지파/NNG,1,1,0
비지/NNG,1,1,0
거래한도/NNG,1,1,0
북반구/NNG,1,1,0
초여름/NNG,1,1,0
급선회/NNG,1,1,0
무디/VA,1,1,0
획일/NNG,3,3,0
전향/NNG,1,1,0
소집/NNG,1,1,0
참석자/NNG,1,1,0
매사/MAG,2,2,0
치이/VV,1,1,0
건지/VV,1,1,0
뱅크런/NNG,3,3,0
반겨야/VV,1,1,0
대마불사/NNG,1,1,0
액면/NNG,3,3,0
천차/NNG,1,1,0
들고양이/NNG,2,2,0
조지/NNG,1,1,0
진/NNG,2,2,0
남북전쟁/NNG,1,1,0
편재/NNG,1,1,0
등가물/NNG,1,1,0
용이성/NNG,1,1,0
일말/NNG,1,1,0
러시/NNG,1,1,0
조교수/NNG,1,1,0
속담/NNG,1,1,0
남긴다/VV,1,1,0
위험/NNG;지지/NNG;않/VX,1,1,0
경연/NNG,1,1,0
수호/NNG,4,3,1
산출물/NNG,1,1,0
관사/NNG,2,1,1
시상/NNG,2,2,0
피칭/NNG,1,1,0
뒤처진/VV,1,1,0
납치/NNG,2,2,0
당할/VV,2,1,1
탁사/NNG,2,2,0
심히/MAG,1,1,0
타협점/NNG,1,1,0
타협/NNG,1,1,0
돌린다면/VV,1,1,0
안전망/NNG,1,1,0
무지/NNG,1,1,0
공동관리/NNG,1,1,0
참신/NNG,1,1,0
줄어듦/VV,2,1,1
날로/MAG,1,0,1
운용자금/NNG,1,0,1
속할/VV,2,0,2
동산/NNG,2,0,2
등기부/NNG,2,0,2
명시적/VAX,2,0,2
아니/MAG,1,0,1
나목/NNG,1,0,1
임사/NNG,1,0,1
경품/NNG,6,5,1
디비전/NNG,1,0,1
아바타/NNG,3,0,3
기준지/NNG,1,0,1
기준시/NNG,1,0,1
스토캐스틱/NNG,2,0,2
상대강도/NNG,3,1,2
켄터키/NNG,1,0,1
아스/NNG,1,0,1
전략그룹/NNG,1,0,1
대출/NNG;활성화/NNG,1,0,1
수익/NNG;개선/NNG,1,0,1
지표/NNG;개선/NNG,1,0,1
직접지원/NNG,1,0,1
밀어붙이/VV,1,0,1
하로/NNG,1,0,1
이자이익/NNG,1,0,1
이자수익/NNG,1,0,1
순이자/NNG,1,0,1
비이/VV,1,0,1
총자본비율/NNG,1,0,1
변동성/NNG;불확실성/NNG,1,0,1
얼마나/MAG;위험/NNG,1,0,1
본다고/VV,1,0,1
모른다고/VV,1,0,1
체계적위험/NNG,3,0,3
비체계적위험/NNG,3,0,3
지수옵션/NNG,1,0,1
수치인/NNG,1,0,1
공포지수/NNG,2,1,1
기대수익률/NNG,1,0,1
은행/NNG;입장/NNG;위험/NNG,1,1,0
이탈/NNG;우려/NNG,1,1,0
갑작/NNG,1,1,0
회분/NNG,1,1,0
아카이브/NNG,1,1,0
준선/NNG,1,1,0
기릴/VV,1,1,0
뜻깊/VA,1,1,0
소장품/NNG,1,1,0
나인/NNG,2,2,0
타리/NNG,7,7,0
디버전스/NNG,1,1,0
절린/NNG,1,1,0
시우/NNG,1,1,0
체한/NNG,1,1,0
상담사/NNG,2,2,0
교환가치/NNG,1,1,0
나온다고/VV,1,1,0
사회기반시설투자/NNG,2,2,0
정본/NNG,1,1,0
사회기반시설/NNG,2,2,0
증자/NNG,2,2,0
조자/NNG,1,1,0
변동성/NNG;작/VA,1,1,0
저점/NNG;오르/VV,1,1,0
신용등급/NNG,1,1,0
cp/NNG,1,1,0
최고기술경영자/NNG,1,1,0
유감/NNG,1,1,0
거래동기/NNG,1,1,0
개인전/NNG,2,2,0
우승자/NNG,1,1,0
회전율/NNG,1,1,0
스캘핑/NNG,1,1,0
건도/NNG,1,1,0
스포일러/NNG,1,0,1
벤더/NNG,1,0,1
우려/NNG;물가/NNG;상승/NNG,1,1,0
구매력/NNG;감소/NNG,1,1,0
투자/NNG;증가/NNG,1,1,0
투자/NNG;가속/NNG,1,1,0
예상/NNG;반대/NNG,1,1,0
가격/NNG;압박/NNG,1,1,0
유하/NNG,1,1,0
청과/NNG,1,1,0
끈끈/NNG,1,1,0
견고/NNG,1,1,0
거비/NNG,1,1,0
고경/NNG,1,1,0
드레/NNG,1,1,0
이징/NNG,1,1,0
품인/NNG,1,1,0
다국적/NNG,1,1,0
비커스/NNG,1,1,0
원론/NNG,1,1,0
자산관리자/NNG,1,1,0
돌려준/VV,1,1,0
버그바운티/NNG,1,1,0
완장/NNG,1,1,0
사공/NNG,1,1,0
안락/NNG,1,1,0
연약/NNG,1,1,0
야생/NNG,1,1,0
산산조각/NNG,1,1,0
심리/NNG;회복/NNG,2,1,1
가격/NNG;정체/NNG,1,0,1
지준/NNG;늘/VV,1,0,1
아인/NNG,1,0,1
계절적/VAX,2,0,2
스프/NNG,2,1,1
고르/VA,1,0,1
잰/VA,1,0,1
거래량비율/NNG,1,0,1
왓/VV,2,0,2
티셔츠/NNG,2,0,2
왓/NNG,1,0,1
새겨진/VV,1,0,1
글로벌/NNG;성장/NNG,2,1,1
개였/VV,2,1,1
적가/NNG,1,0,1
안티/NNG,1,0,1
투자신탁회사/NNG,2,0,2
투자신탁/NNG,2,1,1
소비/NNG;늘/VV,1,0,1
끼친다는/VV,1,0,1
파괴/NNG,5,3,2
냉각/NNG,1,0,1
드러난다/VV,2,1,1
킬로/NNG,1,0,1
와트/NNG,1,0,1
방출/NNG,1,0,1
무조건/NNG,1,0,1
탄소중립/NNG,1,0,1
금융센터/NNG,1,0,1
지표/NNG;긍정적/VAX,2,1,1
혁신/NNG;성장/NNG,2,1,1
하락/NNG;상승/NNG,1,1,0
도규/NNG,1,1,0
박차/VV,1,1,0
유니폼/NNG,1,1,0
새겨지/VV,1,1,0
두각/NNG,1,1,0
애호가/NNG,4,3,1
성장성/NNG,1,1,0
상위기업/NNG,1,1,0
스릴/NNG,1,1,0
퓨마/NNG,1,1,0
동료애/NNG,1,1,0
구간/NNG,5,5,0
리본/NNG,3,3,0
색/NNG,7,6,1
파란색/NNG,4,3,1
평균치/NNG,1,1,0
서두/NNG,1,1,0
전문학교/NNG,1,1,0
소녀/NNG,1,1,0
일화/NNG,1,1,0
자산시장/NNG;상승/NNG,1,0,1
변동성/NNG;완화/NNG,1,0,1
손실/NNG;감소/NNG,1,0,1
하락/NNG;넘/VV,1,0,1
심포/NNG,1,0,1
지움/VV,1,0,1
및/VV,1,0,1
순유입/NNG,2,1,1
소매시장/NNG,1,0,1
발행재개/NNG,1,0,1
현금등가물/NNG,2,0,2
거친/VA,1,0,1
고마움/NNG,1,0,1
총은/NNG,2,1,1
첨언/NNG,2,1,1
판매/NNG;중단/NNG,2,0,2
재범/NNG,6,0,6
명화/NNG,1,0,1
도트/NNG,1,0,1
좌표/NNG,1,0,1
감우/NNG,1,0,1
패러디/NNG,2,0,2
개구리/NNG,2,0,2
테이퍼링/NNG;자산/NNG;매입/NNG;축소/NNG,2,1,1
금리/NNG;인상/NNG;물가/NNG;상승/NNG,1,0,1
높/VA;인플레이션/NNG;우려/NNG,1,0,1
가계/NNG;부채/NNG;부담/NNG,1,0,1
이자/NNG;부담/NNG;증가/NNG,1,0,1
금리/NNG;소폭/MAG;인상/NNG,1,0,1
낮/VA;금리/NNG;인상/NNG,1,0,1
자산시장/NNG;거품/NNG,1,0,1
소비/NNG;확산/NNG,1,0,1
견조/NNG;회복/NNG,1,0,1
돈/NNG;빠지/VV,1,0,1
불어난/VV,1,0,1
승인액/NNG,1,0,1
추경/NNG,1,0,1
성도/NNG,1,0,1
취약계층/NNG,1,0,1
금융정책/NNG,1,0,1
예금은행/NNG,1,0,1
숙고/NNG,1,0,1
라마/NNG,2,1,1
스킨/NNG,2,0,2
하달/NNG,2,0,2
불완전/NNG,1,0,1
재차/NNG,1,0,1
변동성/NNG;확대/NNG,1,0,1
지표/NNG;증가/NNG,2,0,2
인사청문회/NNG,2,0,2
연계금융/NNG,1,0,1
이대로/MAG,1,0,1
가리켜/VV,1,0,1
플로/NNG,1,0,1
우란/NNG,1,0,1
양수/NNG,1,0,1
음수/NNG,1,0,1
현업/NNG,1,0,1
걸맞/VA,1,0,1
완연/NNG,1,0,1
스톱로스/NNG,1,0,1
손절가/NNG,1,0,1
관부/NNG,1,0,1
돈/NNG;쉽/VA;않/VX,1,0,1
슬램/NNG,1,0,1
즐긴다/VV,1,0,1
스무드/NNG,1,0,1
러브/NNG,1,0,1
포션/NNG,1,0,1
교배/NNG,1,0,1
스킬/NNG,2,0,2
그래서인지/VA,1,0,1
장학생/NNG,4,0,4
학비/NNG,1,0,1
빌려서/VV,1,0,1
대여자/NNG,1,0,1
이뤄진다는/VV,1,0,1
가계정/NNG,1,0,1
둔갑/NNG,2,0,2
즐길/VV,1,0,1
얼리/NNG,1,0,1
닉네임/NNG,1,0,1
생계/NNG,1,0,1
무선국/NNG,1,0,1
수협/NNG,1,0,1
어업/NNG,1,0,1
위함입니다/VV,1,0,1
레버리지/NNG;감소/NNG,1,0,1
심리/NNG;압박/NNG,1,0,1
하락/NNG;안정/NNG,1,0,1
낮/VA;하락/NNG,1,0,1
진창/NNG,1,0,1
플래너/NNG,1,0,1
고용창출/NNG,1,0,1
옮/VV,1,0,1
웨딩/NNG,1,0,1
패션쇼/NNG,1,0,1
테마파크/NNG,1,0,1
건축가/NNG,2,0,2
직업군/NNG,1,0,1
코치/NNG,1,0,1
회석/NNG,1,0,1
매운/VA,1,0,1
입찰가/NNG,1,0,1
앞질러/VV,1,0,1
우투/NNG,1,0,1
무로/NNG,1,0,1
왁스/NNG,1,0,1
원스톱서비스/NNG,1,0,1
소더비/NNG,4,0,4
매소/NNG,1,0,1
미래/NNG;성장/NNG,1,1,0
헤더/NNG,20,20,0
포츈/NNG,2,2,0
명문/NNG,1,1,0
유수/NNG,1,1,0
헤다/NNG,1,1,0
타임스탬프/NNG,1,1,0
바코드/NNG,1,1,0
연어/NNG,1,1,0
아워/NNG,1,1,0
소모량/NNG,1,1,0
발생량/NNG,1,1,0
상괘/NNG,1,1,0
만분/NNG,1,1,0
기술이전/NNG,2,2,0
협력체/NNG,2,2,0
시계열/NNG,1,1,0
유나/NNG,1,1,0
바이블/NNG,1,1,0
망가질/VV,1,1,0
반대편/NNG,2,1,1
기대/NNG;가격/NNG;상승/NNG,1,1,0
가격/NNG;지지/NNG,1,1,0
하락/NNG;전환/NNG,1,1,0
오리지널/NNG,1,1,0
미확정/NNG,1,1,0
노란/VA,2,2,0
평행/NNG,1,1,0
적색/NNG,1,1,0
등극/NNG,3,2,1
갈라진다는/VV,1,1,0
방금/MAG,1,1,0
다큐/NNG,1,1,0
멘/VV,1,1,0
여론조사/NNG,1,1,0
인턴/NNG,4,0,4
활력/NNG,1,0,1
실습/NNG,2,0,2
감춘/VV,1,0,1
오래/VA,1,0,1
척척/MAG,1,0,1
일손/NNG,1,0,1
핑계/NNG,1,0,1
노가다/NNG,1,0,1
엎어져/VV,1,0,1
중도/NNG,2,0,2
않/VV,1,0,1
수료증/NNG,1,0,1
방학/NNG,1,0,1
바친/VV,1,0,1
사자/NNG,1,0,1
채식/NNG,1,0,1
왼발/NNG,1,0,1
오락물/NNG,1,0,1
당좌/NNG,1,0,1
기독교/NNG,1,0,1
신정론/NNG,1,0,1
청교도/NNG,2,0,2
안건/NNG,3,1,2
초크/NNG,13,0,13
비평가/NNG,1,0,1
저지르/VV,1,0,1
결체/NNG,1,0,1
영업권/NNG,1,0,1
겉잡/VV,1,0,1
탄약/NNG,1,0,1
폭죽/NNG,1,0,1
연원/NNG,1,0,1
생생히/MAG,1,0,1
접근권/NNG,1,0,1
떠오른다면/VV,1,0,1
기함/NNG,1,0,1
다코타/NNG,1,0,1
선별적/VAX,2,0,2
극찬/NNG,1,0,1
애피타이저/NNG,1,0,1
수론/NNG,1,0,1
자라/VV,1,0,1
공교/NNG,1,0,1
벗어난다는/VV,1,0,1
부활/NNG,1,0,1
극우/NNG,1,0,1
의기양양/NNG,1,0,1
전인/NNG,2,1,1
폭락장/NNG,1,1,0
회복국면/NNG,1,1,0
시스템/NNG;강화/NNG,1,1,0
회/MAG,3,2,1
행정관/NNG,1,1,0
곽/NNG,1,1,0
구조조정본부/NNG,1,1,0
감시인/NNG,1,1,0
녜/NNG,2,2,0
돔/NNG,1,1,0
바텀업/NNG,1,1,0
애칭/NNG,1,1,0
리스크오프/NNG;위험자산/NNG;회피/NNG,1,0,1
거들/VV,1,0,1
앞장설/VV,1,0,1
앞장/NNG,1,0,1
다녀왔/VV,1,0,1
곧/VA,1,0,1
창립총회/NNG,1,0,1
월경/NNG,1,0,1
관객/NNG,1,0,1
스타터/NNG,3,0,3
리스크오프/NNG,1,0,1
예상/NNG;떨어/VV,1,0,1
빨간색/NNG,4,3,1
초록색/NNG,1,0,1
몬/VV,1,1,0
화마/NNG,1,1,0
텐/NNG,1,1,0
외국인/NNG;자금/NNG;유입/NNG;증가/NNG,1,0,1
비용/NNG;낮/VV,1,0,1
빌리지/NNG,1,0,1
반살/NNG,1,0,1
머드/NNG,1,0,1
저조/NNG,5,3,2
개발붐/NNG,1,0,1
준비은행/NNG,1,0,1
빠트리/VV,1,0,1
두려워했/VV,1,0,1
퍼졌/VV,1,0,1
금지법/NNG,1,0,1
강수/NNG,1,0,1
문전/NNG,1,0,1
박대/NNG,1,0,1
무너진다/VV,1,0,1
임계/NNG,2,0,2
진한/VA,1,0,1
판매소/NNG,1,0,1
메달리스트/NNG,1,0,1
오노/NNG,3,0,3
스케이팅/NNG,1,0,1
가상화폐공개/NNG,1,0,1
연방국/NNG,1,0,1
업무계획/NNG,2,0,2
법전/NNG,1,0,1
오리무중/NNG,1,0,1
가격/NNG;변동성/NNG;높/VA,1,0,1
하방/NNG;압력/NNG;강하/VA,1,0,1
아울러/VV,1,0,1
우상향/NNG,1,0,1
삼바/NNG,1,0,1
추악/NNG,1,0,1
국문/NNG,1,0,1
중문/NNG,1,0,1
떠올라/VV,1,0,1
괜히/MAG,1,0,1
시원섭섭/NNG,1,0,1
감회/NNG,1,0,1
황색/NNG,1,0,1
하늘색/NNG,1,0,1
불안/NNG;해소/NNG,1,1,0
피치/NNG,2,2,0
정확도/NNG,1,1,0
재빨리/MAG,1,1,0
델피/NNG,1,1,0
기안/NNG,1,1,0
사그라졌/VV,1,1,0
부팅/NNG,4,4,0
지표/NNG;플러스/NNG,1,1,0
가격/NNG;긍정적/VAX,1,1,0
지표/NNG;상승/NNG,1,1,0
불태웠/VV,1,1,0
팻말/NNG,1,1,0
붙였/VV,2,2,0
두란/NNG,1,1,0
불태우/VV,1,1,0
폭동/NNG,1,1,0
팔아넘겼/VV,1,1,0
십자가/NNG,8,8,0
측력/NNG,1,1,0
버터/NNG,1,1,0
영화배우/NNG,1,1,0
더빙/NNG,1,1,0
건축업/NNG,1,1,0
퍼져나갔/VV,1,1,0
선물협회/NNG,2,2,0
시부/NNG,2,1,1
객관성/NNG,1,1,0
과점/NNG,1,1,0
불타/VV,1,1,0
걸작/NNG,1,1,0
미술사/NNG,1,1,0
지원자금/NNG,1,1,0
저점/NNG;낮/VA,1,0,1
과대광고/NNG,6,0,6
변덕/NNG,1,0,1
솔트/NNG,5,0,5
개회식/NNG,1,0,1
재비/NNG,1,0,1
배회/NNG,1,0,1
빼앗겼/VV,1,0,1
광고판/NNG,1,0,1
나란히/MAG,1,0,1
다/NNG,2,0,2
기울었/VV,1,0,1
다라/NNG,1,0,1
거칠/VA,1,0,1
단연/NNG,1,0,1
돌아올지/VV,1,0,1
인임/NNG,1,0,1
불운/NNG,1,0,1
전환점/NNG,1,0,1
투자비/NNG,1,0,1
다진다/VV,1,0,1
조소/NNG,1,0,1
녹/NNG,2,0,2
색원/NNG,2,0,2
하얀/VA,1,0,1
지가/NNG,1,0,1
노티스/NNG,1,0,1
구대/NNG,1,0,1
모른/VV,1,0,1
테이퍼링/NNG;금리/NNG;인상/NNG,1,1,0
금리/NNG;인상/NNG;불확실성/NNG,1,1,0
fed/NNG;금리/NNG;인하/NNG,1,1,0
자산/NNG;매입/NNG;축소/NNG,1,1,0
경기/NNG;회복/NNG;자신/NNG,1,1,0
물가/NNG;고용/NNG;안정/NNG,1,1,0
채권/NNG;매입/NNG;축소/NNG,1,1,0
검은색/NNG,1,1,0
점선/NNG,1,1,0
볼까/VV,1,1,0
비친/VV,1,1,0
밝혀왔/VV,1,1,0
부동산개발/NNG,2,2,0
호호/MAG,1,1,0
리호/NNG,1,1,0
체받/VV,1,1,0
잦아들/VV,1,1,0
앞당겨졌/VV,1,1,0
소비지/NNG,1,1,0
출물/NNG,1,1,0
외틀/VV,5,0,5
종빈/NNG,2,0,2
송/NNG,1,0,1
서윤/NNG,1,0,1
서범/NNG,1,0,1
타원/NNG,1,0,1
원소/NNG,1,0,1
랜/NNG,1,0,1
유한/NNG,1,0,1
독과점/NNG,3,1,2
전망/NNG;어렵/VA,1,1,0
화천/NNG,4,4,0
대유/NNG,4,4,0
장동/NNG,2,2,0
자연독점/NNG,1,1,0
대치/NNG,2,2,0
오비/VV,2,2,0
여태/MAG,1,1,0
비노/NNG,1,1,0
통달/NNG,1,0,1
돌린다/VV,1,0,1
수배/NNG,1,0,1
무혐/NNG,1,0,1
중론/NNG,1,0,1
청산시점/NNG,1,0,1
배율/NNG,4,0,4
타인자본/NNG,1,0,1
지렛대/NNG,1,0,1
숏포지션/NNG,1,0,1
전합니다/VV,1,0,1
옮겨간/VV,1,0,1
취득원가/NNG,1,0,1
가격/NNG;상방/NNG,1,0,1
상방/NNG;하방/NNG,1,0,1
원증/NNG,1,0,1
유피아이/NNG,1,0,1
혼조/NNG,1,0,1
황기/NNG,1,0,1
원오/NNG,2,0,2
포토/NNG,1,0,1
예매/NNG,1,0,1
명함/NNG,1,0,1
아르고/NNG,1,0,1
전시회/NNG,6,6,0
입구/NNG,1,1,0
개소리/NNG,2,2,0
으뜸/NNG,1,1,0
이름난/VV,1,1,0
댄스파티/NNG,1,1,0
리유/NNG,15,15,0
어스/NNG,15,15,0
코믹스/NNG,1,1,0
대관/NNG,1,1,0
유신/NNG,1,1,0
명장면/NNG,3,3,0
기념품/NNG,3,3,0
증정/NNG,2,2,0
포스터/NNG,2,2,0
여왕/NNG,1,1,0
심리학자/NNG,1,1,0
트라우마/NNG,1,1,0
만화책/NNG,1,1,0
간직/NNG,1,1,0
어울리/VV,1,1,0
셀로/NNG,5,5,0
매캐/NNG,1,1,0
니즘/NNG,1,1,0
거래기업/NNG,1,1,0
자산/NNG;가격/NNG;하락/NNG,1,1,0
레버리지/NNG;축소/NNG,1,1,0
레버리지/NNG;위험/NNG,1,1,0
위험/NNG;축소/NNG,1,1,0
공급/NNG;둔화/NNG,1,1,0
위협/NNG;없/VA,1,1,0
네모/NNG,2,2,0
적기/NNG,1,1,0
부연/VA,1,1,0
나온다는/VV,1,1,0
그럴싸/VA,1,1,0
영웅/NNG,1,1,0
선급금/NNG,1,1,0
부체/NNG,1,1,0
순부채비율/NNG,1,1,0
기체/NNG,1,1,0
철퇴/NNG,1,1,0
받아들여왔/VV,1,1,0
단기투자자/NNG,1,1,0
떠날/VV,1,1,0
빈자리/NNG,1,1,0
시노/NNG,2,2,0
읽히/VV,1,1,0
걱정거리/NNG,1,1,0
도둑맞/VV,1,1,0
저질러/VV,1,1,0
훔쳤/VV,1,1,0
어렵/VA;인상/NNG,1,1,0
흉/NNG,1,1,0
그림판/NNG,2,2,0
기성/NNG,4,4,0
탄탄히/MAG,1,1,0
실험장/NNG,1,1,0
화가/NNG,1,1,0
숲/NNG,1,1,0
사조/NNG,2,2,0
꽃피워/VV,1,1,0
가격/NNG;최대/NNG,1,1,0
유출/NNG;위험/NNG,1,1,0
수문/NNG,1,1,0
닛케이/NNG,1,1,0
숏커버링/NNG,2,2,0
합/MAG,1,1,0
유입액/NNG,2,2,0
시너/NNG,1,1,0
지아/NNG,1,1,0
기하급수/NNG,1,1,0
처해/VV,1,1,0
에이엠/NNG,2,2,0
스크랩/NNG,1,1,0
헤딩/NNG,1,1,0
낙타/NNG,1,1,0
만추/NNG,1,1,0
바치/VV,1,1,0
컬렉터/NNG,1,1,0
섞여/VV,1,1,0
태어났/VV,1,1,0
부탁드립니다/VV,1,1,0
어떤/VA,1,1,0
발동/NNG,1,1,0
색깔/NNG,2,2,0
번화/NNG,1,1,0
둘러/VV,1,1,0
놀람/NNG,1,1,0
천둥/NNG,1,1,0
배변/NNG,1,1,0
노란색/NNG,1,1,0
호된/VA,1,1,0
신고식/NNG,1,1,0
나타냅니다/VV,1,1,0
느낌표/NNG,1,1,0
사이버펑크/NNG,1,1,0
미학/NNG,1,1,0
흰색/NNG,1,1,0
망설임/VV,1,1,0
설렘/VV,1,1,0
형상/NNG,1,1,0
검정/NNG,1,1,0
토해/VV,1,1,0
저점/NNG;고점/NNG,1,1,0
가격/NNG;바닥/NNG,1,1,0
반등장/NNG,1,1,0
미실현이익/NNG,5,5,0
실현이익/NNG,2,2,0
점유/NNG,1,1,0
다르/VV,1,1,0
지배적사업자/NNG,1,1,0
예술계/NNG,2,1,1
훈민정음/NNG,2,1,1
혜/NNG,2,1,1
례/NNG,2,1,1
평균량/NNG,2,2,0
소별/NNG,1,1,0
태/VV,1,1,0
이를지/NNG,1,1,0
장난감/NNG,1,1,0
미술가/NNG,1,1,0
낱낱/NNG,1,1,0
캔버스/NNG,1,1,0
적혔/VV,1,1,0
저럴/VV,1,1,0
천일/NNG,3,3,0
풍자/NNG,1,1,0
동성애/NNG,1,1,0
스테레오타입/NNG,1,1,0
솜씨/NNG,1,1,0
근사/NNG,1,1,0
마침/NNG,1,1,0
모여드/VV,1,1,0
산업/NNG;악영향/NNG,1,1,0
소비/NNG;나쁘/VA,1,1,0
승승장구/NNG,1,1,0
래치/NNG,1,1,0
방로/NNG,1,1,0
자차/NNG,1,1,0
일회용/NNG,1,1,0
펼쳐야/VV,1,1,0
자화자찬/NNG,1,1,0
어처구니/NNG,1,1,0
진의/NNG,1,1,0
때마침/MAG,1,1,0
낱낱이/MAG,1,1,0
파헤치/VV,1,1,0
훔쳐라/VV,1,1,0
논박/NNG,1,1,0
깔린/VV,1,1,0
풍차/NNG,1,1,0
태양에너지/NNG,1,1,0
지구온난화/NNG,2,2,0
금융수단/NNG,1,1,0
잊어버리/VV,1,1,0
조가비/NNG,1,1,0
구슬/NNG,2,2,0
웜/NNG,3,3,0
오일달러/NNG,2,2,0
군비/NNG,1,1,0
성행/NNG,1,1,0
곧잘/MAG,1,1,0
타르/NNG,1,1,0
시커먼/VA,1,1,0
연소/NNG,1,1,0
분진/NNG,2,2,0
온실가스배출량/NNG,1,1,0
게으르/VA,1,1,0
뷔페/NNG,1,1,0
불쾌/NNG,1,1,0
침몰/NNG,1,1,0
산호초/NNG,1,1,0
태울/VV,1,1,0
펼친다/VV,1,1,0
어이없/VA,1,1,0
비용편익분석/NNG,1,1,0
합쳐져서/VV,1,1,0
노예/NNG,1,1,0
애쓴/VV,1,1,0
한미/NNG,1,1,0
남겨진/VV,1,1,0
경력직/NNG,1,1,0
희망자/NNG,2,2,0
체온/NNG,1,1,0
무이자/NNG,1,1,0
가지각색/NNG,2,0,2
전유물/NNG,1,0,1
물꼬/NNG,1,0,1
트이/VV,1,0,1
고쳤/VV,1,0,1
안상/NNG,1,0,1
뭉뚱그려서/VV,1,0,1
지나칠/VV,1,0,1
공공재/NNG,19,0,19
킥오프/NNG,1,0,1
문외한/NNG,1,0,1
꾹/MAG,1,0,1
가격지불/NNG,1,0,1
윤택/NNG,1,0,1
외부효과/NNG,1,0,1
갈망/NNG,1,0,1
몰록/MAG,1,0,1
티티/NNG,1,0,1
탈피/NNG,1,0,1
친목/NNG,1,0,1
테크노크라시/NNG,1,0,1
명망/NNG,1,0,1
지휘/NNG,2,0,2
오크라/NNG,1,0,1
행하/VV,1,0,1
방장/NNG,1,0,1
식상/NNG,1,0,1
양적완화/NNG;정책/NNG;중단/NNG,1,1,0
위험자산/NNG;가격/NNG;오르/VV,1,1,0
절반/NNG;금리/NNG;인상/NNG,1,1,0
단기/NNG;위험/NNG,1,1,0
여겨져서/VV,1,1,0
푼/VV,1,1,0
실적/NNG;저조/NNG,1,1,0
누사/NNG,1,1,0
하리/NNG,1,1,0
변동성/NNG;매우/MAG;높/VA,1,1,0
춰/VV,1,1,0
생명체/NNG,1,1,0
부캐/NNG,1,1,0
윈도쇼핑/NNG,1,1,0
홀린/VV,1,1,0
쪼/MAG,1,1,0
그럴싸/NNG,1,1,0
현물/NNG;가격/NNG;상승/NNG,1,1,0
높/VA;가격/NNG;상승/NNG,1,1,0
투자심리/NNG;개선/NNG,1,1,0
팍/MAG,1,1,0
관되/NNG,1,1,0
마/VV,1,1,0
현진/NNG,1,1,0
붕/MAG,1,1,0
안담/NNG,1,1,0
특공대/NNG,1,1,0
작곡가/NNG,1,1,0
순항/NNG,1,1,0
불러일으켜/VV,1,1,0
친가/NNG,1,1,0
이너/NNG,1,1,0
망했/VV,1,1,0
급작스레/MAG,1,1,0
손실/NNG;방지/NNG,1,1,0
전망/NNG;낙관/NNG,1,1,0
어김없/VA,1,1,0
냉정/NNG,1,1,0
아노/NNG,1,1,0
자산시장/NNG;안정/NNG,1,0,1
투자/NNG;높/VA,1,0,1
기울였/VV,1,0,1
분원/NNG,1,0,1
영과/NNG,1,0,1
현판식/NNG,1,0,1
경구/NNG,1,0,1
임하/VV,1,0,1
공로/NNG,1,0,1
타의/NNG,1,0,1
번창/NNG,3,0,3
경청/NNG,1,0,1
아레나/NNG,1,0,1
프로모션/NNG,3,0,3
리트윗/NNG,1,0,1
치패/NNG,1,0,1
다질/VV,1,0,1
회차/NNG,1,0,1
이색/NNG,1,0,1
하락/NNG;지지/NNG,1,1,0
선과/NNG,2,2,0
버텨/VV,1,1,0
동그라미/NNG,1,1,0
조만/NNG,1,1,0
민중/NNG,1,1,0
숏/NNG,1,1,0
자산/NNG;부정적/VAX,1,1,0
수익/NNG;향상/NNG,1,1,0
증권금융/NNG,1,1,0
밀/NNG,1,1,0
mmf/NNG,1,1,0
공사채/NNG,1,1,0
고쳐야/VV,1,1,0
비자금/NNG,1,1,0
만춘/NNG,1,1,0
셰리/NNG,1,1,0
몬드/NNG,1,1,0
퍼트/NNG,1,1,0
좋/VA;고평가/NNG,1,0,1
차익실현/NNG,1,0,1
약진/NNG,1,0,1
