,total,up,down
비용/NNG;부담/NNG,1,0,1
유동성/NNG;높/VV,1,0,1
가격/NNG;낮/VA,1,0,1
법무부/NNG,35,12,23
소속/NNG,23,13,10
연방/NNG,81,54,27
수사/NNG,47,18,29
기관/NNG,351,172,179
마약/NNG,10,4,6
속국/NNG,8,5,3
부/NNG,129,78,51
통/NNG,40,22,18
암호화폐/NNG,2726,1693,1033
대응/NNG,69,43,26
미흡/NNG,5,3,2
감사/NNG,44,22,22
고서/NNG,174,103,71
발표/NNG,302,204,98
하/VV,9862,5821,4041
활용/NNG,247,134,113
폭발/NNG,19,8,11
증가/NNG,235,126,109
잠입/NNG,1,0,1
원/NNG,141,82,59
부족/NNG,44,28,16
지적/NNG,117,78,39
무역/NNG,17,7,10
협상/NNG,6,1,5
되려/MAG,1,0,1
비트코인/NNG,2479,1535,944
잡/VV,60,43,17
다니/VV,10,6,4
상품/NNG,165,111,54
거액/NNG,9,6,3
관/NNG,62,31,31
매기/VV,8,7,1
무역전쟁/NNG,2,1,1
시작/NNG,349,202,147
지시/NNG,9,4,5
용/NNG,130,86,44
다/MAG,2219,1224,995
언론/NNG,26,20,6
따르/VV,574,327,247
법무/NNG,8,3,5
금지/NNG,157,109,48
자산/NNG,1252,691,561
법/NNG,339,184,155
문/NNG,347,191,156
점/NNG,227,139,88
의견/NNG,92,63,29
준비/NNG,157,90,67
비판/NNG,41,22,19
입장/NNG,102,54,48
내/VV,115,68,47
추가/NNG,174,111,63
재/NNG,18,12,6
나서/VV,93,49,44
테러/NNG,30,18,12
활동/NNG,91,58,33
방안/NNG,69,39,30
새롭/VA,276,164,112
관심/NNG,150,89,61
받/VV,620,357,263
되/VV,3316,1953,1363
인다/VV,223,112,111
싱크탱크/NNG,6,2,4
외교/NNG,4,3,1
프로그램/NNG,64,48,16
총괄/NNG,37,25,12
미국인/NNG,6,4,2
헤즈볼라/NNG,2,0,2
두/VV,116,66,50
익명/NNG,61,37,24
구한/VV,6,1,5
정황/NNG,9,5,4
들/VV,199,119,80
없/VA,789,451,338
편집자/NNG,11,5,6
종이/NNG,18,7,11
갇혀/VV,5,1,4
돈/NNG,236,138,98
자유/NNG,70,39,31
전/NNG,305,185,120
도토리/NNG,3,0,3
미니/NNG,22,17,5
꾸미/VV,2,0,2
사람/NNG,374,221,153
이/VV,185,101,84
물건/NNG,24,13,11
삽니다/VV,2,0,2
펼쳐질까/VV,2,0,2
함께/MAG,182,116,66
일상/NNG,17,9,8
머/VV,3,0,3
속/NNG,50,29,21
연재/NNG,11,5,6
소개/NNG,53,29,24
블록체인/NNG,1239,646,593
개발/NNG,317,182,135
업체/NNG,328,183,145
온/VV,61,30,31
더/MAG,773,408,365
이더리움/NNG,605,332,273
스케일/NNG,13,9,4
로/NNG,250,135,115
열/VV,149,88,61
밋/NNG,40,34,6
업/NNG,323,184,139
참여/NNG,201,111,90
밝히/VV,665,399,266
차/NNG,78,54,24
기술/NNG,434,210,224
전략/NNG,101,50,51
논의/NNG,91,57,34
미/NNG,100,57,43
동향/NNG,9,6,3
자사/NNG,71,48,23
중/NNG,691,399,292
토카막/NNG,10,6,4
기술적/VAX,32,14,18
로드맵/NNG,4,2,2
대하/VV,12,5,7
예정/NNG,230,145,85
도/NNG,990,583,407
자료/NNG,729,421,308
은행/NNG,485,251,234
발행/NNG,324,199,125
화폐/NNG,358,222,136
상업/NNG,16,7,9
결/NNG,387,243,144
시스템/NNG,336,165,171
프로토타입/NNG,4,0,4
민간기업/NNG,13,5,8
혁신/NNG,125,68,57
결합/NNG,18,7,11
통하/VV,618,361,257
의/NNG,237,148,89
가능성/NNG,245,150,95
모색/NNG,17,7,10
계획/NNG,215,120,95
시암/NNG,4,1,3
공사/NNG,8,4,4
원료/NNG,3,0,3
공급/NNG,91,63,28
기업/NNG,539,311,228
이용/NNG,310,188,122
조달/NNG,48,25,23
재무/NNG,22,9,13
우선/MAG,49,27,22
적용/NNG,143,73,70
자회사/NNG,33,14,19
벤처/NNG,43,26,17
사용/NNG,381,238,143
접목/NNG,16,3,13
효율성/NNG,25,9,16
높/VV,64,36,28
이루/VV,163,97,66
있/VV,2391,1331,1060
설명/NNG,267,153,114
예컨대/MAG,11,6,5
자금흐름/NNG,8,5,3
유동성/NNG,90,48,42
지불/NNG,78,36,42
걸리/VV,24,13,11
속도/NNG,69,37,32
단축/NNG,6,4,2
전망/NNG,183,108,75
민간/NNG,84,42,42
영역/NNG,54,33,21
시대/NNG,66,36,30
진입/NNG,37,20,17
위하/VV,823,459,364
경쟁력/NNG,11,8,3
갖추/VV,24,8,16
금융/NNG,546,318,228
시범/NNG,39,19,20
사업/NNG,306,165,141
범위/NNG,57,28,29
넓히/VV,3,1,2
발걸음/NNG,2,1,1
대기업/NNG,30,17,13
넓/VA,13,10,3
대중/NNG,28,19,9
가/VV,1016,591,425
쓰/VV,87,49,38
오/VV,462,256,206
종료/NNG,70,39,31
결과/NNG,153,95,58
별도/NNG,38,21,17
정리/NNG,37,22,15
발간/NNG,33,18,15
앞서/VV,78,48,30
개/NNG,188,108,80
금융기관/NNG,75,48,27
협력/NNG,76,34,42
를/NNG,263,176,87
대규모/NNG,49,26,23
국/NNG,538,290,248
송금/NNG,89,59,30
개념/NNG,54,31,23
검증/NNG,75,29,46
진행/NNG,217,136,81
프로젝트/NNG,326,194,132
통화청/NNG,2,1,1
과/NNG,280,188,92
라이/NNG,1,0,1
언락/NNG,1,0,1
국가/NNG,175,109,66
공동개발/NNG,2,0,2
거래/NNG,1150,641,509
법안/NNG,80,37,43
발의/NNG,23,10,13
잇따르/VV,17,11,6
반대/NNG,35,21,14
부딪쳤/VV,1,0,1
판매/NNG,227,126,101
담/VV,77,58,19
반영/NNG,40,26,14
알려져/VV,16,11,5
금융안정/NNG,12,7,5
자금/NNG,497,267,230
탁/MAG,134,62,72
방지/NNG,142,65,77
소비자/NNG,72,31,41
관점/NNG,44,28,16
합법화/NNG,4,3,1
크/VA,609,308,301
위험/NNG,224,119,105
소/NNG,109,55,54
있/VA,488,292,196
인프라/NNG,81,40,41
상대방/NNG,13,6,7
파산/NNG,15,6,9
과정/NNG,136,63,73
부채/NNG,39,13,26
변/NNG,9,5,4
허용/NNG,46,29,17
법원/NNG,35,25,10
영장/NNG,1,0,1
발부/NNG,2,0,2
유형/NNG,14,8,6
재산/NNG,20,13,7
압류/NNG,20,15,5
압수/NNG,10,9,1
확실/NNG,18,10,8
않/VX,1037,607,430
통/MAG,60,38,22
품/NNG,38,22,16
경매/NNG,39,22,17
팔/VV,62,26,36
불가능/NNG,110,63,47
국외/NNG,23,15,8
돕/VV,42,31,11
는/VV,239,133,106
기구/NNG,28,17,11
선정/NNG,41,18,23
안/MAG,296,191,105
아크/NNG,3,1,2
증권/NNG,131,78,53
통과/NNG,47,22,25
곧/MAG,53,29,24
최종/NNG,47,23,24
앞두/VV,55,35,20
형법/NNG,1,0,1
많/VA,499,307,192
필/NNG,204,126,78
으로/MAG,78,40,38
유명/NNG,69,44,25
브랜드/NNG,17,12,5
진공청소기/NNG,2,0,2
구입/NNG,54,22,32
최저가/NNG,2,0,2
비해서/VV,4,1,3
낮/VA,123,53,70
가격/NNG,1347,798,549
판매처/NNG,1,0,1
비해/VV,57,34,23
상식/NNG,3,2,1
가깝/VA,40,22,18
어떻게/MAG,103,62,41
부탁/NNG,4,2,2
약간/MAG,9,4,5
복잡/NNG,32,15,17
머리/NNG,5,3,2
긁적였/VV,1,0,1
위/NNG,188,96,92
메/VV,7,0,7
같/VA,499,293,206
소셜커머스/NNG,1,0,1
나오/VV,226,130,96
할인/NNG,38,7,31
문화/NNG,44,17,27
상품권/NNG,58,0,58
까지/NNG,29,18,11
싸/VA,7,4,3
시장/NNG,895,542,353
커머스/NNG,10,7,3
달/NNG,69,36,33
포인트/NNG,73,18,55
바뀌/VV,55,28,27
그리/MAG,70,42,28
걸치/VV,26,17,9
교환/NNG,64,44,20
샀/VV,20,11,9
아니/VCN,521,314,207
사이트/NNG,86,53,33
통용/NNG,14,9,5
가능/NNG,253,137,116
현금/NNG,98,63,35
카드/NNG,66,21,45
산다/VV,1,0,1
수고/NNG,2,1,1
감수/NNG,10,5,5
얼마나/MAG,48,21,27
될까/VV,10,6,4
정확/VAX,20,10,10
유통량/NNG,12,9,3
공개/NNG,235,158,77
팔릴/VV,2,1,1
때/NNG,387,246,141
발행처/NNG,1,0,1
벌어들이/VV,2,0,2
판매수수료/NNG,5,0,5
수익/NNG,172,89,83
추이/NNG,10,2,8
면/NNG,233,138,95
대략/NNG,2,0,2
증감/NNG,1,0,1
짐작/NNG,9,2,7
년/NNG,139,91,48
가량/NNG,54,32,22
수치/NNG,88,36,52
분야/NNG,112,63,49
폭넓/VA,8,5,3
진흥/NNG,8,4,4
도모/NNG,9,3,6
취지/NNG,19,11,8
만들/VV,250,160,90
만든/VV,68,35,33
지류/NNG,2,0,2
상거래/NNG,6,3,3
발달/NNG,1,0,1
편화/NNG,1,0,1
고유/NNG,21,9,12
핀/NNG,7,4,3
번호/NNG,26,14,12
문자/NNG,14,11,3
찍/VV,36,25,11
타인/NNG,4,1,3
전송/NNG,71,35,36
쉽/VA,120,75,45
계좌/NNG,148,75,73
이체/NNG,16,10,6
효과/NNG,68,23,45
본인/NNG,32,20,12
인증/NNG,126,62,64
중개/NNG,43,22,21
없이/MAG,117,60,57
독특/NNG,15,7,8
기능/NNG,111,73,38
가장/MAG,311,169,142
목/NNG,102,47,55
청소년/NNG,8,3,5
빈번히/MAG,5,3,2
미성년자/NNG,3,0,3
발급/NNG,75,38,37
부모/NNG,9,7,2
동의/NNG,26,14,12
마음대로/MAG,4,2,2
어렵/VA,190,126,64
대신/NNG,58,36,22
뛰어나/VA,6,1,5
일각/NNG,23,13,10
성매매/NNG,1,0,1
범죄/NNG,88,54,34
수식어/NNG,1,0,1
붙/VV,16,9,7
이유/NNG,229,138,91
이렇게/MAG,103,54,49
한번/MAG,8,4,4
친숙/NNG,5,3,2
대/NNG,58,40,18
혜택/NNG,35,15,20
익숙/NNG,17,11,6
통상/NNG,31,14,17
촉진/NNG,17,8,9
차원/NNG,47,27,20
액면가/NNG,4,3,1
퍼센트/NNG,2,1,1
대학생/NNG,16,5,11
넘/VV,226,131,95
살/VV,62,31,31
무조건/MAG,4,2,2
비싸/VA,33,16,17
고/NNG,256,152,104
되물/VV,1,0,1
비교적/VAX,32,15,17
밝/VA,9,4,5
커뮤니티/NNG,139,96,43
령/NNG,3,1,2
배운다/VV,1,0,1
실/NNG,131,67,64
문상/NNG,2,0,2
신공/NNG,2,0,2
줄/NNG,8,3,5
입력/NNG,17,9,8
각종/NNG,65,42,23
간편/NNG,44,18,26
적립/NNG,6,1,5
연계/NNG,24,10,14
글/NNG,50,31,19
쏟/VV,19,11,8
게시물/NNG,7,4,3
저렴/NNG,30,20,10
구매/NNG,81,44,37
조카/NNG,1,0,1
잘/MAG,117,78,39
이해/NNG,74,37,37
못/MAG,47,30,17
화살표/NNG,3,2,1
시물/NNG,4,2,2
모르/VV,54,24,30
신기/NNG,2,1,1
원리/NNG,7,5,2
궁금/NNG,22,13,9
그만큼/MAG,26,17,9
이익/NNG,58,32,26
본다면/VV,3,1,2
손해/NNG,22,13,9
보/VV,214,136,78
얘기/NNG,52,32,20
그러/VV,89,55,34
어떻/VA,17,9,8
생태계/NNG,125,67,58
계속/MAG,74,42,32
돌아/VV,39,20,19
의문/NNG,18,12,6
구조/NNG,49,29,20
뜯/VV,1,0,1
마케팅/NNG,26,18,8
관계자/NNG,195,103,92
활성화/NNG,46,23,23
할인율/NNG,9,0,9
이벤트/NNG,13,5,8
들어가/VV,30,17,13
기본/NNG,56,33,23
결/VV,7,5,2
높/VA,360,182,178
운영/NNG,308,201,107
컬처/NNG,2,0,2
랜드/NNG,23,16,7
캐시/NNG,31,22,9
덤/NNG,3,0,3
얹/VV,2,0,2
번가/NNG,2,1,1
비용/NNG,83,39,44
부담/NNG,30,11,19
업계/NNG,237,118,119
추측/NNG,11,6,5
싸/VV,2,1,1
유입/NNG,39,21,18
발생/NNG,232,135,97
매출/NNG,37,27,10
경영지표/NNG,1,0,1
밀리/VV,17,10,7
인상/NNG,43,21,22
기/NNG,119,76,43
깜짝/MAG,2,1,1
판매자/NNG,5,1,4
뒤/NNG,113,65,48
정산/NNG,9,5,4
청/NNG,66,38,28
외한/NNG,18,11,7
입금/NNG,72,30,42
업종/NNG,4,1,3
가맹점/NNG,19,10,9
천차만별/NNG,2,0,2
작/VA,81,50,31
에서/MAG,10,5,5
시/NNG,327,155,172
판/VV,4,0,4
실/VV,61,33,28
돌아오/VV,4,3,1
핵심/NNG,96,47,49
결국/MAG,99,60,39
항상/MAG,14,7,7
승자/NNG,3,0,3
손익계산서/NNG,3,1,2
본업/NNG,3,2,1
영업손실/NNG,3,0,3
영업외수익/NNG,2,0,2
손실/NNG,65,35,30
벌충/NNG,1,0,1
순이익/NNG,13,9,4
기록/NNG,271,127,144
비중/NNG,46,23,23
차지/NNG,75,40,35
소멸시효/NNG,3,0,3
경과/NNG,2,0,2
지나/VV,21,13,8
발행사/NNG,42,32,10
돌아온/VV,2,1,1
낙전/NNG,3,0,3
수입/NNG,24,15,9
벌/VV,46,24,22
기한/VV,10,4,6
잃/VV,24,14,10
유통/NNG,53,17,36
들어간/VV,6,1,5
추산/NNG,13,6,7
비슷/NNG,88,50,38
수준/NNG,211,101,110
유지/NNG,159,80,79
달리/VV,10,7,3
규/NNG,607,362,245
거의/MAG,81,37,44
나라/NNG,41,26,15
귀속/NNG,3,1,2
공익/NNG,5,2,3
목적/NNG,64,36,28
생겨도/VV,1,0,1
판도/NNG,3,2,1
달라지/VV,12,8,4
가격/NNG;상승/NNG;하락/NNG,1,0,1
산업/NNG;성장/NNG,7,4,3
닷컴/NNG;거품/NNG,4,2,2
가격/NNG;급등/NNG,28,16,12
아직/MAG;거품/NNG,1,0,1
성장/NNG;더디/VV,3,2,1
거품/NNG;꺼지/VV,3,0,3
가격/NNG;오르/VV,34,21,13
최대/NNG;늘/VV,2,1,1
투자/NNG;막/VV,1,0,1
많/VA;경계/NNG,1,0,1
스타트업/NNG,106,64,42
꽤/MAG,24,11,13
립/NNG,127,78,49
길/VA,31,24,7
산업/NNG,211,121,90
성장/NNG,155,86,69
더디/VV,3,2,1
이자/NNG,141,80,61
반타/NNG,3,2,1
반/NNG,50,32,18
탈/NNG,5,4,1
블/VV,3,2,1
선택/NNG,46,27,19
이긴/VV,8,5,3
살아남/VV,33,16,17
묵묵히/MAG,3,2,1
남/VV,45,31,14
이야기/NNG,129,91,38
만나/VV,35,22,13
걱정/NNG,32,17,15
앞섰/VV,1,0,1
뜨겁/VA,17,12,5
감자/NNG,4,3,1
블/NNG,340,243,97
떠난다는/VV,1,0,1
의미/NNG,184,116,68
지상/NNG,2,1,1
구현/NNG,21,13,8
머나먼/VA,1,0,1
알/VV,223,135,88
프라이빗/NNG,15,9,6
퍼블릭/NNG,26,15,11
장점/NNG,29,17,12
가져오/VV,12,5,7
예/NNG,63,33,30
하이퍼/NNG,10,5,5
패브릭/NNG,6,0,6
빠르/VA,149,104,45
처리/NNG,98,53,45
신뢰도/NNG,9,4,5
할지라도/VV,1,0,1
로스트/NNG,11,4,7
사용자경험/NNG,4,0,4
측면/NNG,33,11,22
별다른/VA,13,9,4
갭/NNG,57,28,29
느끼/VV,21,8,13
코인/NNG,1750,1024,726
데스크/NNG,410,242,168
다양/NNG,184,92,92
킬러/NNG,3,0,3
등장/NNG,69,36,33
본격/NNG,30,20,10
펼쳐질/VV,3,1,2
예상/NNG,130,71,59
확신/NNG,21,8,13
그렇/VA,95,43,52
포기/NNG,14,6,8
팀원/NNG,8,4,4
미래/NNG,100,56,44
대해/VV,236,140,96
원점/NNG,2,0,2
고민/NNG,43,27,16
현실/NNG,42,24,18
다르/VA,66,37,29
지독/NNG,1,0,1
계속/NNG,82,43,39
퇴/NNG,4,3,1
상태/NNG,91,51,40
빠지/VV,37,21,16
계/NNG,216,127,89
리스트/NNG,23,18,5
배/NNG,133,64,69
순수/NNG,7,5,2
사용자/NNG,148,86,62
줄/VV,179,101,78
위치/NNG,30,20,10
사무실/NNG,15,12,3
만난/VV,11,5,6
표정/NNG,5,2,3
파이/NNG,48,17,31
식구/NNG,1,0,1
늘/VV,217,126,91
직원/NNG,45,39,6
모두/MAG,176,91,85
활기찼/VA,1,0,1
틀렸/VV,6,3,3
인정/NNG,51,27,24
끝/VV,35,17,18
생각/NNG,284,174,110
못하/VX,204,103,101
개발자/NNG,118,69,49
컨퍼런스/NNG,27,16,11
콘/NNG,10,4,6
메타/NNG,37,11,26
디/VV,5,2,3
에이/NNG,8,2,6
더리/VA,5,4,1
스마트/NNG,82,46,36
계약/NNG,134,72,62
시연/NNG,3,2,1
호응/NNG,2,1,1
얻/VV,99,57,42
지원/NNG,273,166,107
여겼/VV,2,0,2
너무/MAG,58,29,29
일찍/MAG,4,3,1
터뜨렸/VV,1,0,1
어쩌면/MAG,11,5,6
최악/NNG,16,11,5
물거품/NNG,1,0,1
다시/MAG,186,101,85
물/VV,24,10,14
왜/MAG,43,25,18
분위기/NNG,45,28,17
좋/VA,119,57,62
대해서/VV,72,47,25
고속도/NNG,1,0,1
많이/MAG,109,67,42
다닐/VV,1,0,1
단순히/MAG,20,15,5
망해서/VV,1,0,1
사라지/VV,36,16,20
직접/MAG,94,61,33
자/VV,35,21,14
모았/VV,32,26,6
목표/NNG,124,72,52
향하/VV,12,9,3
탄생/NNG,27,11,16
바이파이/NNG,7,3,4
한참/NNG,7,4,3
직접/NNG,20,14,6
회상/NNG,2,1,1
중앙/NNG,337,199,138
금융서비스/NNG,51,34,17
토큰/NNG,733,509,224
파운드/NNG,51,40,11
만을/NNG,1,0,1
취급/NNG,49,30,19
달리/MAG,71,47,24
이종/NNG,1,0,1
서비스/NNG,723,436,287
공/NNG,336,185,151
완료/NNG,39,24,15
정식/NNG,19,9,10
최적/NNG,14,9,5
개입/NNG,26,16,10
이미/MAG,151,93,58
메이커/NNG,41,29,12
선점/NNG,12,3,9
한발/MAG,2,1,1
나아가/VV,23,11,12
중간/NNG,14,8,6
여/VV,69,37,32
여전히/MAG,102,54,48
희망/NNG,18,9,9
붙들/VV,1,0,1
거품/NNG,59,24,35
닷컴/NNG,45,33,12
유사/NNG,49,34,15
꺼지/VV,5,2,3
눈감/VV,1,0,1
식/NNG,114,58,56
상한가/NNG,2,0,2
팀/NNG,88,66,22
백서/NNG,31,17,14
팔렸/VV,8,6,2
급등/NNG,109,60,49
수많/VA,37,18,19
안타깝/VA,12,5,7
아직/MAG,192,119,73
기술개발/NNG,13,5,8
달콤/NNG,1,0,1
열매/NNG,4,1,3
먹/VV,20,10,10
변화/NNG,99,60,39
적응/NNG,5,2,3
도태/NNG,3,1,2
그럼에도/VA,19,7,12
불구/NNG,39,17,22
지나오/VV,1,0,1
유니콘/NNG,8,4,4
강조/NNG,85,47,38
바꾸/VV,21,15,6
이르/VA,5,2,3
결론/NNG,20,11,9
시절/NNG,3,2,1
상/NNG,177,105,72
바꾼/VV,6,4,2
그러/VA,7,5,2
철저히/MAG,6,3,3
역할/NNG,82,43,39
저변/NNG,3,2,1
서서히/MAG,21,12,9
방향/NNG,48,29,19
체인/NNG,170,108,62
트/NNG,60,28,32
을/NNG,56,34,22
출시/NNG,282,160,122
개방/NNG,13,7,6
극대/NNG,13,7,6
화해/NNG,6,2,4
조성/NNG,35,26,9
기여/NNG,22,12,10
관리/NNG,196,93,103
데이터/NNG,337,159,178
추적/NNG,62,35,27
외부/NNG,39,25,14
구동/NNG,3,1,2
기획/NNG,19,9,10
구성/NNG,64,42,22
탑재/NNG,12,4,8
오픈/NNG,56,37,19
테스트/NNG,48,28,20
안/NNG,229,163,66
마칠/VV,3,2,1
계정/NNG,191,91,100
복구/NNG,19,9,10
허가/NNG,31,20,11
관리기능/NNG,1,0,1
강화/NNG,107,68,39
지급/NNG,106,86,20
신사업/NNG,5,0,5
업무/NNG,84,43,41
협약/NNG,42,23,19
맺/VV,29,18,11
소식/NNG,106,75,31
탁방/NNG,49,26,23
지기/VV,28,17,11
거래소/NNG,1244,704,540
자금이동/NNG,28,15,13
규칙/NNG,57,30,27
프로토콜/NNG,164,92,72
규정/NNG,99,49,50
비트/NNG,543,336,207
비롯/NNG,80,49,31
다수/NNG,33,19,14
적합/NNG,25,17,8
신뢰/NNG,94,54,40
착수/NNG,16,13,3
회계법인/NNG,4,0,4
암호/NNG,93,46,47
자산관리/NNG,22,15,7
퓨전/NNG,4,1,3
법정/NNG,89,66,23
표준/NNG,52,24,28
모델/NNG,52,32,20
준/VV,23,10,13
학자/NNG,19,12,7
리브/NNG,28,17,11
라가/NNG,3,1,2
촉발/NNG,13,8,5
소위/NNG,6,3,3
글로벌/NNG,262,156,106
스테이/NNG,297,210,87
금융시스템/NNG,42,26,16
획기적으로/MAG,3,2,1
재편/NNG,6,3,3
예측/NNG,91,66,25
지나치/VA,13,6,7
고평가/NNG,18,8,10
권/NNG,6,2,4
통화/NNG,135,85,50
위협/NNG,32,20,12
뮤추얼펀드/NNG,3,2,1
자산유동화증권/NNG,2,0,2
실험/NNG,47,33,14
심/NNG,6,0,6
바이온트/NNG,1,0,1
문서/NNG,52,24,28
훨씬/MAG,57,32,25
나타나/VV,194,91,103
핸드/NNG,2,0,2
셰이크/NNG,2,0,2
핸디/NNG,2,0,2
완전/NNG,14,4,10
형태/NNG,82,49,33
물론/MAG,58,39,19
접근/NNG,64,44,20
이론/NNG,37,21,16
도메인네임시스템/NNG,1,0,1
블랙베리/NNG,3,0,3
손잡/VV,10,3,7
몰래/MAG,4,2,2
채굴/NNG,460,311,149
빼돌리/VV,2,1,1
악성/NNG,6,4,2
설치/NNG,20,11,9
차단/NNG,14,9,5
옵틱/NNG,1,0,1
분석/NNG,238,137,101
명확히/MAG,15,4,11
놓/VV,53,27,26
발전/NNG,83,44,39
가로막/VV,6,1,5
불만/NNG,10,5,5
토로/NNG,3,2,1
지르/VV,2,0,2
니/VV,6,4,2
대법/NNG,2,1,1
원판결/NNG,1,0,1
최대/NNG,177,106,71
지침/NNG,40,16,24
마련/NNG,86,50,36
사업자/NNG,281,142,139
조치/NNG,75,46,29
조처/NNG,32,14,18
부당/NNG,9,3,6
소송/NNG,34,19,15
대법원/NNG,18,13,5
위헌/NNG,4,1,3
손/NNG,37,23,14
들어/VV,8,4,4
노이/NNG,1,0,1
펀드/NNG,175,106,69
명확/NNG,29,17,12
중단/NNG,151,76,75
헤지/NNG,31,13,18
달러/NNG,1656,944,712
유치/NNG,72,50,22
투자/NNG,672,380,292
캐피털/NNG,65,35,30
버전/NNG,42,25,17
언/VV,47,23,24
코/NNG,143,91,52
릴레이/NNG,2,1,1
티/VV,2,1,1
모기업/NNG,2,1,1
글로벌트레이딩/NNG,3,1,2
옵션/NNG,27,15,12
스패로우/NNG,1,0,1
규모/NNG,351,188,163
시리즈/NNG,27,19,8
나선다/VV,9,5,4
대출/NNG,194,142,52
컴퓨터/NNG,20,13,7
공학자/NNG,1,0,1
간부/NNG,3,2,1
고정/NNG,22,12,10
책임자/NNG,59,31,28
최고/NNG,156,79,77
영입/NNG,12,5,7
연속/NNG,35,19,16
변동성/NNG,221,58,163
이러/NNG,84,54,30
갑작/MAG,19,9,10
매우/MAG,119,63,56
흡사/MAG,5,3,2
측정/NNG,26,8,18
볼린저밴드/NNG,3,0,3
사이/NNG,168,89,79
오가/VV,9,5,4
줄다리기/NNG,2,1,1
중반/NNG,6,5,1
최저/NNG,32,13,19
하락/NNG,299,161,138
기술적분석/NNG,19,7,12
오랫동안/NNG,20,13,7
상승/NNG,517,305,212
한쪽/NNG,2,0,2
기울/VV,2,1,1
조일/VV,1,0,1
소폭/MAG,23,10,13
등락/NNG,6,1,5
거듭/MAG,20,11,9
가운데/NNG,120,73,47
바이/NNG,94,58,36
파생상품/NNG,60,29,31
지속/NNG,103,54,49
가격대/NNG,6,4,2
매도/NNG,92,38,54
매수/NNG,154,80,74
문수/NNG,1,0,1
타/VV,34,20,14
문장/NNG,8,5,3
깊이/NNG,7,4,3
살피/VV,50,32,18
대등/NNG,1,0,1
헤지펀드/NNG,30,20,10
애/NNG,23,19,4
신탁/NNG,28,17,11
나스닥/NNG,34,14,20
상장/NNG,258,188,70
애로/NNG,3,0,3
우의/NNG,1,0,1
집중/NNG,62,39,23
단일/NNG,21,8,13
증시/NNG,34,21,13
소유권/NNG,27,15,12
덕분/NNG,22,10,12
매일/MAG,12,8,4
순자산/NNG,14,2,12
신규/NNG,69,44,25
반면/NNG,85,50,35
개인/NNG,279,170,109
새로이/MAG,1,0,1
유하/VV,93,62,31
프리미엄/NNG,70,36,34
되팔/VV,1,0,1
지배/NNG,8,4,4
투자회사/NNG,17,10,7
소유/NNG,44,30,14
커런시/NNG,14,10,4
그룹/NNG,119,89,30
칼럼니스트/NNG,5,2,3
렉스/NNG,3,1,2
소코/NNG,2,0,2
린/NNG,13,4,9
의무/NNG,71,47,24
강력/NNG,38,17,21
경/NNG,182,107,75
개척/NNG,4,3,1
재정/NNG,36,15,21
좀/MAG,49,25,24
나/VA,10,8,2
삶/NNG,19,11,8
힘/NNG,53,28,25
실어/NNG,2,1,1
근본적/VAX,16,6,10
기본소득/NNG,1,0,1
논쟁/NNG,25,14,11
전환/NNG,77,50,27
금융투자상품/NNG,3,1,2
장/NNG,216,134,82
금융상품/NNG,22,13,9
킬러앱/NNG,4,0,4
국민/NNG,67,41,26
효용/NNG,9,5,4
경험/NNG,80,40,40
느껴야/VV,1,0,1
투기/NNG,41,19,22
벗/VV,5,2,3
중심/NNG,77,45,32
흥미/NNG,26,16,10
지켜/VV,17,9,8
학교/NNG,8,5,3
행정/NNG,6,3,3
대학원/NNG,10,4,6
석사/NNG,1,0,1
학위/NNG,2,1,1
사무소/NNG,11,5,6
차석/NNG,1,0,1
역임/NNG,10,5,5
분쟁/NNG,6,3,3
조율/NNG,6,2,4
총선/NNG,1,0,1
더불/VV,63,38,25
어민/NNG,44,32,12
당/NNG,97,58,39
원장/NNG,19,4,15
도한/NNG,17,12,5
여시/NNG,1,0,1
에서/NNG,76,39,37
두루/MAG,5,3,2
만났/VV,8,4,4
개혁/NNG,8,3,5
선언문/NNG,1,0,1
가상/NNG,698,380,318
금기/NNG,1,0,1
정책/NNG,142,83,59
폐기/NNG,6,1,5
추진/NNG,66,36,30
바라/VV,35,21,14
플레이/NNG,24,15,9
아웃/NNG,3,2,1
가지/VV,195,122,73
달린/VV,1,0,1
뒤집혀/VV,1,0,1
충격/NNG,14,10,4
독점/NNG,25,18,7
분산/NNG,74,37,37
공유/NNG,77,44,33
겪/VV,51,26,25
막/VV,84,39,45
기조/NNG,23,7,16
분리/NNG,20,11,9
인간/NNG,26,9,17
이기/NNG,3,2,1
존재/NNG,88,54,34
술/NNG,4,2,2
금욕/NNG,1,0,1
곳/NNG,183,107,76
인근지역/NNG,2,0,2
경계/NNG,12,9,3
국경/NNG,12,7,5
영토/NNG,1,0,1
부정적/VAX,42,25,17
지향/NNG,15,12,3
가상화폐/NNG,41,26,15
풀/VV,34,20,14
상임/NNG,2,1,1
구상/NNG,6,2,4
중소기업/NNG,5,4,1
기회/NNG,75,44,31
장착/NNG,3,0,3
떨어/VV,117,56,61
빨리/MAG,19,10,9
인센티브/NNG,9,4,5
부딪치/VV,1,0,1
상품화/NNG,1,0,1
투자수단/NNG,3,2,1
인식/NNG,65,30,35
맛봐야/VV,1,0,1
나와야/VV,3,1,2
할머니/NNG,1,0,1
콘셉트/NNG,4,3,1
안다/VV,4,3,1
오르/VV,366,198,168
려/NNG,56,33,23
모른다/VV,27,12,15
논리/NNG,15,10,5
서/VV,22,11,11
도적/NNG,11,3,8
사회/NNG,103,60,43
부가가치/NNG,9,4,5
자본/NNG,47,25,22
크/VV,83,44,39
키운다는/VV,2,0,2
공감대/NNG,5,3,2
자꾸/MAG,1,0,1
고스톱/NNG,1,0,1
판/NNG,10,8,2
미치/VV,81,41,40
엔/NNG,156,80,76
불로/NNG,2,0,2
소득/NNG,62,40,22
엄청/MAG,2,1,1
때리/VV,3,0,3
특정/NNG,155,80,75
창출/NNG,20,11,9
부작용/NNG,5,2,3
일어나/VV,84,56,28
인기/NNG,39,25,14
끌/VV,43,25,18
파생/NNG,3,2,1
괜찮/VA,16,13,3
국회의원/NNG,18,11,7
촉/NNG,1,0,1
뛰/VV,14,5,9
후원금/NNG,6,1,5
욕/NNG,2,1,1
정당/NNG,17,5,12
둘러싸/VV,22,12,10
시도/NNG,55,35,20
사실/MAG,42,30,12
담론/NNG,5,3,2
끌어낸다/VV,1,0,1
근대/NNG,2,1,1
도전/NNG,15,6,9
여부/NNG,102,53,49
체가/NNG,10,5,5
훼손/NNG,10,4,6
무너/VV,26,14,12
질서/NNG,4,2,2
정글/NNG,1,0,1
표/NNG,16,5,11
섬/NNG,7,6,1
동등/NNG,5,1,4
놓이/VV,4,2,2
유의미한/VAX,12,6,6
증이/NNG,2,1,1
독점력/NNG,1,0,1
믿/VV,47,34,13
판다/VV,3,2,1
꺼/VV,4,2,2
재미있/VA,18,8,10
원래/MAG,19,16,3
필/VV,87,51,36
만드/VV,45,25,20
이끄/VV,44,19,25
질문/NNG,88,57,31
과연/MAG,16,5,11
클레이/NNG,24,8,16
경쟁/NNG,60,30,30
외국/NNG,13,5,8
나가/VV,29,18,11
원화/NNG,111,43,68
환전/NNG,21,14,7
해지/NNG,45,18,27
상용화/NNG,9,5,4
숫자/NNG,14,8,6
결정/NNG,135,85,50
아래아/NNG,1,0,1
한글/NNG,3,1,2
지켜낼/VV,1,0,1
휩쓸/VV,2,1,1
정치인/NNG,8,5,3
빅브라더/NNG,2,0,2
우려/NNG,132,62,70
옆/NNG,3,2,1
철학/NNG,11,9,2
잠재/NNG,35,24,11
완벽/NNG,11,7,4
쇼/NNG,4,2,2
어차피/MAG,8,3,5
소비/NNG,52,27,25
패턴/NNG,13,6,7
없다/VA,30,18,12
논점/NNG,1,0,1
맞/VV,55,30,25
워낙/MAG,5,2,3
고급/NNG,6,4,2
자신/NNG,151,88,63
권위/NNG,6,3,3
놓/NNG,1,0,1
까/VV,2,0,2
차라리/MAG,1,0,1
블록/NNG,136,56,80
밀/VV,7,4,3
합치/VV,4,0,4
대승/NNG,1,0,1
작/VV,13,9,4
위험/NNG;회피/NNG,6,3,3
위험/NNG;방지/NNG,1,1,0
유가/NNG;어렵/VA,1,1,0
피해/NNG;막/VV,3,2,1
실증/NNG,25,5,20
추려/VV,1,1,0
중소벤처기업부/NNG,8,5,3
개최/NNG,46,28,18
특례/NNG,16,4,12
심의/NNG,9,8,1
지정/NNG,40,23,17
중기부/NNG,3,3,0
거친/VV,6,3,3
국무총리/NNG,2,2,0
재로/NNG,10,6,4
가지/NNG,22,17,5
종/NNG,86,67,19
컨소시엄/NNG,44,19,25
부동산/NNG,67,37,30
집합투자/NNG,8,2,6
스퍼/NNG,5,2,3
에이아이/NNG,3,2,1
마이/MAG,16,10,6
공청회/NNG,3,3,0
계획안/NNG,2,2,0
대상/NNG,172,98,74
출처/NNG,16,6,10
부사/NNG,1,1,0
업명/NNG,1,1,0
정의/NNG,40,26,14
분산원장기술/NNG,12,8,4
부동산펀드/NNG,6,1,5
중개인/NNG,16,11,5
자본시장법/NNG,8,4,4
전자증권/NNG,5,3,2
정/NNG,448,261,187
호법/NNG,7,6,1
신발/NNG,1,1,0
예술/NNG,32,23,9
수집/NNG,53,30,23
가공/NNG,4,1,3
의료법/NNG,1,1,0
크루즈선/NNG,3,3,0
입출/NNG,1,1,0
포함/NNG,179,105,74
외/NNG,16,7,9
관계/NNG,73,33,40
협의/NNG,27,13,14
사전/NNG,38,24,14
검토/NNG,70,47,23
이견/NNG,2,1,1
모빌리티/NNG,7,7,0
협동/NNG,1,1,0
서비스업/NNG,1,1,0
강원/NNG,1,1,0
액화수소/NNG,1,1,0
수소에너지/NNG,1,1,0
탄소/NNG,5,3,2
융/NNG,2,1,1
헴/NNG,1,1,0
조성계획/NNG,1,1,0
혁신기업/NNG,1,1,0
지역/NNG,180,92,88
벤처기업/NNG,3,2,1
집중투자/NNG,3,2,1
특히/MAG,167,89,78
지자체/NNG,9,2,7
벤처캐피털/NNG,17,13,4
창조/NNG,3,2,1
센터/NNG,60,38,22
도입/NNG,140,80,60
코로나/NNG,179,97,82
인하/VV,147,84,63
비/NNG,140,75,65
대면/NNG,7,6,1
디지털화/NNG,17,9,8
가속/NNG,24,16,8
그리/VV,12,11,1
뉴딜/NNG,4,4,0
중점/NNG,12,7,5
추/NNG,53,34,19
부응/NNG,2,2,0
노력/NNG,64,41,23
상용/NNG,4,3,1
불법/NNG,78,61,17
노려/VV,4,3,1
유포/NNG,3,1,2
악성코드/NNG,7,7,0
발견/NNG,24,17,7
당부/NNG,25,15,10
공격자/NNG,8,7,1
작성/NNG,29,15,14
피싱/NNG,19,15,4
작/NNG,16,11,5
이나/NNG,10,6,4
검색/NNG,14,5,9
페이지/NNG,9,7,2
노출/NNG,33,21,12
호장/NNG,3,3,0
거해/NNG,2,2,0
단복/NNG,1,1,0
생성/NNG,50,24,26
접속/NNG,18,13,5
후기/NNG,4,4,0
위장/NNG,2,1,1
버튼/NNG,3,1,2
누르/VV,8,5,3
실행/NNG,31,18,13
파일/NNG,36,19,17
압축/NNG,1,1,0
절전/NNG,1,1,0
모드/NNG,5,5,0
대기/NNG,8,5,3
자원/NNG,18,10,8
소모/NNG,8,2,6
낸다/VV,5,3,2
리소스/NNG,1,1,0
과도/NNG,18,10,8
끼친다/VV,1,1,0
피해/NNG,99,63,36
정품/NNG,1,1,0
의구심/NNG,47,35,12
방문/NNG,11,9,2
응용/NNG,12,12,0
최신/NNG,13,9,4
패치/NNG,1,1,0
기적/NNG,5,5,0
검사/NNG,15,3,12
수칙/NNG,3,3,0
지켜야/VV,7,7,0
라이선스/NNG,33,27,6
정하/VV,38,24,14
시행/NNG,102,67,35
영향/NNG,167,84,83
관하/VV,133,96,37
방/NNG,44,31,13
공자/NNG,10,9,1
구체적/VAX,60,36,24
적시/NNG,4,4,0
일환/NNG,11,7,4
탁과/NNG,7,7,0
이동/NNG,42,27,15
만약/NNG,23,18,5
법률/NNG,71,36,35
취득/NNG,33,26,7
종류/NNG,33,22,11
명시/NNG,16,13,3
발행국/NNG,1,1,0
해외/NNG,112,68,44
전자화폐/NNG,5,5,0
신청/NNG,80,50,30
메이저/NNG,7,4,3
나뉘/VV,3,2,1
규율/NNG,6,3,3
행위/NNG,83,49,34
동조/NNG,4,4,0
항/NNG,1,1,0
만/VV,4,2,2
초과/NNG,10,8,2
합니다/VV,15,10,5
해석/NNG,48,28,20
저장/NNG,66,46,20
포섭/NNG,2,2,0
같이/MAG,69,43,26
반드시/MAG,33,19,14
가이드라인/NNG,32,16,16
지와/NNG,2,1,1
배경/NNG,38,23,15
권고안/NNG,8,5,3
계적/NNG,24,12,12
면밀/NNG,3,3,0
점검/NNG,27,13,14
됩니다/VV,15,11,4
유력/NNG,5,3,2
대체자산/NNG,3,3,0
부상/NNG,8,5,3
이슈/NNG,26,11,15
물리/NNG,15,10,5
실체/NNG,4,3,1
권리/NNG,14,9,5
채권/NNG,66,44,22
단정/NNG,4,3,1
금/NNG,239,186,53
부과/NNG,25,17,8
놓여/VV,2,1,1
과/VV,3,1,2
방침/NNG,41,29,12
사실상/MAG,27,13,14
확정안/NNG,1,1,0
관여/NNG,13,10,3
물물/NNG,4,4,0
준/NNG,1,1,0
물품/NNG,5,4,1
수령/NNG,6,5,1
공한/NNG,15,6,9
비례/NNG,3,3,0
이득/NNG,9,7,2
영업/NNG,80,36,44
에어/NNG,12,5,7
드롭/NNG,10,3,7
하드포크/NNG,33,14,19
무료/NNG,24,14,10
선불/NNG,6,4,2
지급수단/NNG,5,4,1
대가/NNG,31,17,14
미리/MAG,27,16,11
지분/NNG,61,49,12
배당/NNG,8,7,1
처분/NNG,11,5,6
전통적/VAX,57,38,19
달라집니다/VA,1,1,0
일률적/VAX,5,3,2
띠/VV,9,6,3
전형/NNG,10,8,2
지연/NNG,28,12,16
차후/NNG,3,3,0
비로소/MAG,4,3,1
동일/NNG,34,18,16
실패/NNG,32,21,11
금원/NNG,1,1,0
환불/NNG,6,6,0
설립자/NNG,41,29,12
남기/VV,17,12,5
노무/NNG,1,1,0
그러/NNG,4,3,1
표상/NNG,1,1,0
상응/NNG,4,4,0
진다면/VV,1,1,0
만약/MAG,25,14,11
락업/NNG,4,3,1
걸린/VV,4,4,0
액/NNG,26,14,12
마지막/NNG,40,17,23
원활/NNG,10,5,5
기장/NNG,1,1,0
확실히/MAG,8,4,4
구하/VV,35,15,20
역/NNG,28,20,8
불필/NNG,8,4,4
회피/NNG,21,12,9
선진/NNG,2,2,0
바탕/NNG,36,24,12
선호/NNG,17,11,6
간단/NNG,17,7,10
조/NNG,64,33,31
체계/NNG,71,37,34
법인/NNG,64,45,19
이점/NNG,11,7,4
상당수/NNG,16,9,7
설립/NNG,88,65,23
다도/NNG,5,3,2
신속/NNG,12,6,6
사범/NNG,1,1,0
철저/NNG,10,7,3
단속/NNG,57,34,23
진출/NNG,36,24,12
영위/NNG,4,2,2
우선/NNG,2,2,0
금과/NNG,21,16,5
무관/NNG,9,9,0
막연/NNG,2,1,1
적극적/VAX,34,19,15
현황/NNG,50,38,12
확인/NNG,284,155,129
신고/NNG,235,120,115
파트너/NNG,44,31,13
맡/VV,64,36,28
생사/NNG,2,1,1
시행령/NNG,81,42,39
개정/NNG,80,44,36
모으/VV,29,22,7
자문위원/NNG,16,14,2
초안/NNG,8,3,5
입수/NNG,14,7,7
협회/NNG,84,44,40
안서/NNG,15,11,4
확/MAG,71,33,38
양쪽/NNG,3,2,1
합쳐서/VV,4,4,0
밑그림/NNG,2,2,0
대략/MAG,4,2,2
그려볼/VV,1,1,0
정해야/VV,2,2,0
자격/NNG,13,9,4
뜻/NNG,67,30,37
지/VV,21,13,8
수탁/NNG,79,46,33
좁혀야/VV,1,1,0
권하/VV,3,2,1
모집/NNG,20,16,4
인수/NNG,54,33,21
선/NNG,152,99,53
중개사/NNG,6,1,5
업자/NNG,28,11,17
넣/VV,48,26,22
아이콘/NNG,24,12,12
우회/NNG,7,5,2
역외/NNG,9,6,3
조항/NNG,20,11,9
달라지/VA,8,4,4
또/MAG,219,123,96
대여/NNG,15,5,10
담/NNG,56,40,16
지갑/NNG,273,160,113
나무/NNG,81,62,19
부여/NNG,39,26,13
진입장벽/NNG,8,3,5
실명/NNG,136,66,70
입출금/NNG,98,35,63
빗/NNG,179,116,63
썸/NNG,136,95,41
인원/NNG,83,60,23
가상계좌/NNG,2,2,0
객관/NNG,9,5,4
개시/NNG,6,3,3
기준/NNG,317,156,161
필수/NNG,16,9,7
자동/NNG,51,33,18
간접/NNG,7,3,4
스스로/MAG,16,9,7
금융사/NNG,10,8,2
자의/NNG,3,1,2
판단/NNG,113,61,52
최소/NNG,53,41,12
재량/NNG,3,3,0
주/VV,6,4,2
조건/NNG,37,19,18
충족/NNG,31,16,15
묻/VV,23,15,8
합리적/VAX,11,9,2
전하/VV,148,92,56
아울러/MAG,18,15,3
법정통화/NNG,26,21,5
다루/VV,25,12,13
강/NNG,73,47,26
무리/NNG,9,6,3
체/NNG,18,7,11
한정/NNG,10,4,6
포석/NNG,3,1,2
금융위/NNG,44,17,27
법령/NNG,14,10,4
위반/NNG,35,17,18
벌금/NNG,19,14,5
선고/NNG,10,6,4
거부/NNG,17,9,8
전과/NNG,1,1,0
처벌/NNG,14,10,4
명부/NNG,1,1,0
사업계획/NNG,2,1,1
실현/NNG,37,18,19
위법/NNG,6,4,2
사항/NNG,41,24,17
건전/NNG,20,10,10
등/NNG,24,17,7
다크/NNG,33,22,11
합법/NNG,21,14,7
사기/NNG,106,68,38
걸러/VV,2,2,0
차등/NNG,1,1,0
등록/NNG,88,56,32
충분/NNG,25,15,10
전문인력/NNG,6,3,3
전산/NNG,9,5,4
설비/NNG,4,3,1
물/NNG,27,8,19
시설/NNG,19,8,11
갖춰야/VV,4,3,1
트래블/NNG,65,39,26
룰/NNG,68,41,27
지만/VCP,15,11,4
여건/NNG,6,4,2
유예/NNG,33,16,17
유/NNG,57,41,16
유가/NNG,3,2,1
수취인/NNG,13,9,4
준해/VV,1,1,0
송금인/NNG,9,5,4
가격/NNG;급락/NNG,12,6,6
빨리/MAG;성장/NNG,2,1,1
대학교/NNG,18,12,6
수학/NNG,16,11,5
전공/NNG,5,5,0
살/NNG,7,5,2
평범/NNG,3,3,0
대학/NNG,19,10,9
부풀려/VV,3,3,0
조작/NNG,34,20,14
봇/NNG,22,7,15
갓/MAG,26,25,1
열풍/NNG,60,34,26
재미/NNG,13,12,1
사업가/NNG,6,6,0
이름/NNG,77,56,21
소규모/NNG,13,10,3
알려/VV,21,14,7
지지/NNG,67,42,25
마켓메이커/NNG,17,13,4
고용/NNG,14,10,4
부풀리/VV,7,7,0
솔직/NNG,2,2,0
엄격히/MAG,5,3,2
시장조성자/NNG,2,2,0
부르/VV,12,5,7
잘못/MAG,29,20,9
닫/VV,8,6,2
오래/MAG,32,15,17
사그라들/VV,4,3,1
소멸/NNG,4,3,1
상당히/MAG,21,13,8
쪼그라들/VV,3,3,0
곳곳/NNG,9,9,0
압박/NNG,20,15,5
견실히/MAG,1,1,0
육성/NNG,26,20,6
알려서/VV,1,1,0
대/VV,12,8,4
고객/NNG,285,181,104
끊이/VV,3,1,2
팬데믹/NNG,23,13,10
악재/NNG,14,8,6
호재/NNG,19,11,8
노리/VV,28,15,13
궁리/NNG,1,1,0
원했/VV,2,2,0
창업자/NNG,82,49,33
거듭났/VV,2,1,1
그저/MAG,14,9,5
아이디어/NNG,30,21,9
코드/NNG,52,33,19
짜/VV,4,3,1
전부/NNG,6,2,4
임직원/NNG,25,5,20
명/NNG,73,28,45
이르/VV,51,30,21
학년/NNG,1,1,0
재학/NNG,1,1,0
각자/MAG,7,4,3
사정/NNG,12,8,4
맞추/VV,36,26,10
프리랜서/NNG,2,2,0
선다/VV,4,2,2
학업/NNG,4,3,1
병행/NNG,10,6,4
점차/MAG,53,34,19
학기/NNG,1,1,0
마치/VV,21,10,11
중퇴/NNG,2,2,0
학문/NNG,2,1,1
공부/NNG,5,5,0
꾸려/VV,2,1,1
그만두/VV,1,1,0
아예/MAG,12,9,3
전념/NNG,4,3,1
찾/VV,96,56,40
사업자금/NNG,3,2,1
기금/NNG,12,9,3
액수/NNG,5,4,1
불/VV,18,11,7
활발/NNG,25,16,9
굴러가/VV,1,1,0
캡/NNG,32,17,15
새로/MAG,39,21,18
잘/VV,3,3,0
매달/MAG,16,11,5
수수료/NNG,193,113,80
닷/NNG,13,10,3
로프/NNG,5,5,0
급증/NNG,52,34,18
사업체/NNG,5,3,2
타격/NNG,24,15,9
입/VV,37,22,15
눈/NNG,55,28,27
돌리/VV,30,19,11
자연히/MAG,9,3,6
수/NNG,153,84,69
이어지/VV,117,61,56
낮/VV,21,8,13
시가총액/NNG,128,85,43
봐도/VV,8,5,3
런/NNG,17,5,12
패드/NNG,15,4,11
선/VV,24,13,11
바이/MAG,74,54,20
이용자/NNG,130,78,52
대변인/NNG,21,16,5
놀렸/VV,1,1,0
고객사/NNG,4,4,0
발/NNG,49,30,19
집/NNG,22,9,13
들이/VV,3,3,0
급락/NNG,54,28,26
원하/VV,13,8,5
탄탄/NNG,10,8,2
굳이/MAG,10,9,1
가끔/MAG,5,5,0
당사자/NNG,7,3,4
곤/VV,1,1,0
적잖/VA,2,2,0
바닥/NNG,9,5,4
들여놓/VV,1,1,0
그냥/MAG,9,4,5
관성/NNG,1,1,0
성공/NNG,77,47,30
답습/NNG,1,1,0
그대로/MAG,44,32,12
달가워하/VV,1,1,0
기업공개/NNG,13,10,3
절차/NNG,75,42,33
치열/NNG,8,7,1
꾸준히/MAG,29,16,13
엄선/NNG,2,2,0
가려/VV,2,2,0
표현/NNG,27,18,9
빌리/VV,34,25,9
대충/MAG,3,3,0
띄워서/VV,1,1,0
먹/NNG,10,4,6
튀/NNG,10,4,6
훌륭/NNG,10,7,3
유망/NNG,11,6,5
심지어/MAG,19,17,2
흐르/VV,13,7,6
사모/NNG,7,4,3
친구/NNG,19,9,10
가족/NNG,11,9,2
판매가격/NNG,18,12,6
반짝/MAG,1,1,0
활기/NNG,4,3,1
란/NNG,17,11,6
분명/MAG,32,18,14
진짜/MAG,20,15,5
해서/VV,26,20,6
스나/NNG,2,1,1
쿠/MAG,6,5,1
오비/NNG,38,22,16
전혀/MAG,24,16,8
집행/NNG,11,5,6
알리/VV,19,15,4
군소/NNG,2,2,0
부풀린다/VV,1,1,0
말지/NNG,1,1,0
투표/NNG,41,27,14
시달리/VV,6,4,2
구할/VV,12,9,3
사실/NNG,135,90,45
중소/NNG,5,5,0
다퉈/VV,1,1,0
모셔/VV,1,1,0
향한/VV,6,5,1
누리/VV,13,4,9
당연/NNG,12,7,5
산하/NNG,32,20,12
발매/NNG,3,2,1
밖/NNG,37,15,22
관문/NNG,8,3,5
변하/VV,10,8,2
조금/MAG,19,11,8
변해도/VV,1,1,0
이윤/NNG,4,3,1
알고리듬/NNG,27,8,19
당연히/MAG,14,7,7
해고/NNG,16,9,7
청구/NNG,6,2,4
드/VV,32,18,14
한동안/NNG,5,3,2
부풀/VV,1,1,0
채우/VV,4,3,1
취소/NNG,7,4,3
수시로/MAG,5,1,4
연락/NNG,12,8,4
꼼꼼히/MAG,6,3,3
정확/NNG,8,7,1
선별/NNG,4,4,0
쓸모/NNG,1,1,0
종합/NNG,31,20,11
고려/NNG,57,37,20
헌신/NNG,1,1,0
엄격/NNG,18,11,7
부지런히/MAG,1,1,0
진실/NNG,6,6,0
가늠/NNG,5,3,2
선물계약/NNG,9,7,2
대개/MAG,15,12,3
오더/NNG,2,2,0
북/NNG,3,3,0
옮기/VV,35,21,14
체결/NNG,43,26,17
정말/MAG,28,23,5
대단/NNG,6,6,0
트레이더/NNG,33,24,9
레버리지/NNG,42,14,28
비효율성/NNG,5,4,1
곧바로/MAG,15,7,8
변해/VV,1,1,0
차익/NNG,21,13,8
생긴다/VV,9,5,4
바로/MAG,81,47,34
고유동성/NNG,4,2,2
기사/NNG,108,49,59
느슨/NNG,5,5,0
궁극적/VAX,13,7,6
건/VV,6,3,3
거듭나/VV,4,4,0
경쟁사/NNG,3,1,2
쌍/NNG,16,9,7
셈/NNG,3,3,0
매달/NNG,2,2,0
수익률/NNG,73,34,39
언젠가/MAG,7,5,2
지킬/VV,6,5,1
총회/NNG,13,12,1
이행/NNG,19,13,6
비춰/VV,4,4,0
민관/NNG,4,3,1
담당/NNG,53,26,27
진전/NNG,12,9,3
석서/NNG,1,1,0
실질/NNG,25,12,13
힘들/VA,17,9,8
논란/NNG,47,30,17
망/NNG,15,13,2
무한대/NNG,2,2,0
개설/NNG,33,23,10
맥락/NNG,11,8,3
청했/VV,14,11,3
수정/NNG,35,19,16
다/VV,19,12,7
채택/NNG,55,35,20
개국/NNG,27,22,5
마르쿠스/NNG,1,1,0
플레이어/NNG,11,10,1
회장직/NNG,1,1,0
이어받/VV,1,1,0
사상/NNG,43,21,22
최초/NNG,65,44,21
연장/NNG,23,18,5
시한/NNG,7,3,4
효율/NNG,20,12,8
고위급/NNG,2,2,0
라운드/NNG,14,11,3
모니터링/NNG,16,11,5
실시/NNG,21,15,6
지침서/NNG,1,1,0
가입/NNG,44,34,10
벤/NNG,4,3,1
포만/NNG,1,1,0
금융시장/NNG,50,35,15
선도/NNG,9,4,5
농업/NNG,1,1,0
농부/NNG,2,2,0
농산물/NNG,1,1,0
좇/VV,1,1,0
거버넌스/NNG,91,42,49
분배/NNG,12,10,2
변경/NNG,37,17,20
거치/VV,54,26,28
압도/NNG,4,2,2
배분/NNG,23,11,12
금융기업/NNG,18,14,4
홀딩스/NNG,15,12,3
전문/NNG,67,39,28
확대/NNG,97,54,43
양사/NNG,11,6,5
뉴욕/NNG,60,31,29
커브/NNG,21,17,4
베이스/NNG,240,134,106
모여/VV,7,6,1
끝/NNG,46,30,16
연기/NNG,13,11,2
고이/MAG,4,3,1
클라이언트/NNG,5,5,0
풀이/NNG,39,21,18
창시자/NNG,9,4,5
비탈/NNG,18,6,12
증명/NNG,106,52,54
롤/NNG,25,6,19
지배적/VAX,3,3,0
확장/NNG,83,50,33
패러다임/NNG,9,7,2
업그레이드/NNG,39,23,16
난이도/NNG,10,3,7
하향/NNG,2,2,0
소수점/NNG,2,1,1
조정/NNG,53,30,23
굴기/NNG,49,36,13
조사/NNG,103,73,30
메인/VV,35,19,16
경영권/NNG,3,3,0
다툼/NNG,8,8,0
끼친/VV,2,1,1
채/MAG,46,36,10
저/NNG,1,1,0
연산/NNG,10,9,1
하락/NNG;면하/VV;못하/VX,4,3,1
위협/NNG;증가/NNG,1,1,0
가격/NNG;하락/NNG,48,26,22
이자율/NNG;높/VA,1,1,0
이자율/NNG;낮/VA,1,1,0
안정/NNG;높/VA,1,1,0
높/VA;안정/NNG,1,1,0
취약/NNG;없/VA,1,1,0
특허/NNG,25,12,13
특허청/NNG,3,3,0
청장/NNG,23,11,12
출원/NNG,8,8,0
건/NNG,41,28,13
아이디/NNG,9,7,2
이력/NNG,19,7,12
불과/MAG,53,34,19
사용자인증/NNG,2,2,0
악의/NNG,7,7,0
공격/NNG,64,37,27
탐지/NNG,9,5,4
위변/NNG,4,3,1
출원인/NNG,1,1,0
개인/VV,1,1,0
외국법/NNG,1,1,0
순/NNG,8,7,1
절반/NNG,23,14,9
전문기업/NNG,15,7,8
비즈/NNG,1,1,0
플러그/NNG,28,16,12
티/NNG,67,30,37
드/NNG,32,14,18
심사/NNG,50,39,11
저작권/NNG,14,4,10
산업혁명/NNG,8,6,2
도할/NNG,2,2,0
극복/NNG,9,4,5
비대/VV,38,27,11
환경/NNG,71,41,30
웹/NNG,66,50,16
폴카/NNG,24,18,6
코스모스/NNG,12,7,5
연합/NNG,17,14,3
만든다/VV,3,2,1
이자율/NNG,12,10,2
앵커/NNG,11,11,0
시중/NNG,19,15,4
예금/NNG,34,25,9
대출상품/NNG,9,7,2
예치/NNG,88,54,34
소정/NNG,2,2,0
이때/NNG,24,18,6
금리/NNG,137,60,77
문/VV,45,26,19
민감/NNG,11,6,5
반응/NNG,26,11,15
변동/NNG,48,25,23
급격/MAG,27,13,14
변한다/VV,2,2,0
현존/NNG,4,2,2
골칫거리/NNG,1,1,0
맡기/VV,10,4,6
이율/NNG,26,24,2
차이점/NNG,9,6,3
별개/NNG,9,4,5
안정/NNG,40,23,17
특유/NNG,5,3,2
원천/NNG,7,3,4
아톰/NNG,15,12,3
맡겨/VV,10,5,5
킹/MAG,28,19,9
유동화/NNG,2,2,0
일종/NNG,24,15,9
그림자/NNG,1,1,0
상당/NNG,75,48,27
작용/NNG,40,18,22
매력/NNG,21,12,9
비율/NNG,49,28,21
극단/NNG,2,1,1
어지/NNG,5,3,2
유저/NNG,12,9,3
가령/MAG,6,4,2
연/VV,12,6,6
정해지/VV,10,8,2
계산/NNG,29,10,19
알고리즘/NNG,12,9,3
급격/NNG,26,16,10
영리/NNG,4,4,0
초대/NNG,11,10,1
진영/NNG,5,4,1
자키/NNG,1,1,0
매/VV,9,5,4
파운데이션/NNG,2,2,0
협업/NNG,37,24,13
폼/NNG,1,1,0
권도/NNG,1,1,0
우수/NNG,7,5,2
훔친/VV,3,1,2
피고/NNG,3,3,0
유죄/NNG,5,3,2
반환/NNG,15,7,8
명령/NNG,12,8,4
판결/NNG,21,16,5
선구자/NNG,5,3,2
골드/NNG,2,2,0
재판/NNG,2,2,0
증거/NNG,13,6,7
고의/NNG,3,1,2
숨겼/VV,3,3,0
태동/NNG,2,2,0
계기/NNG,30,15,15
etf/NNG,26,18,8
증권거래위원회/NNG,69,47,22
승인/NNG,75,52,23
신생/NNG,7,2,5
국고채/NNG,2,2,0
명명/NNG,4,4,0
폐쇄형/NNG,1,1,0
아르코/NNG,1,1,0
예약/NNG,12,8,4
트/VV,9,8,1
발라/VV,10,8,2
피디아/NNG,2,2,0
웨이브/NNG,5,5,0
파이낸셜/NNG,14,9,5
단행/NNG,7,5,2
슨/VV,8,2,6
고문/NNG,19,10,9
합류/NNG,26,21,5
볼트/NNG,2,1,1
공식적/VAX,34,25,9
화/NNG,22,15,7
잔뜩/MAG,3,2,1
난/VV,9,5,4
피하/VV,46,24,22
도피/NNG,3,3,0
생활/NNG,17,9,8
팬텀/NNG,2,2,0
복/NNG,14,8,6
약/NNG,139,68,71
해결/NNG,107,57,50
공급망/NNG,7,1,6
양/NNG,29,16,13
상관관계/NNG,31,16,15
궤적/NNG,1,1,0
움직이/VV,52,25,27
현상/NNG,92,48,44
취약/NNG,25,19,6
fed/NNG,142,91,51
양적완화/NNG,27,13,14
만족/NNG,12,5,7
압력/NNG,31,9,22
면하/VV,5,3,2
볼레/NNG,1,1,0
가/NNG,10,6,4
자산시장/NNG,41,17,24
진화/NNG,9,6,3
전례/NNG,13,7,6
단어/NNG,12,8,4
퇴색/NNG,3,3,0
대나/NNG,2,2,0
나이/NNG,7,3,4
형/NNG,32,25,7
자매/NNG,5,5,0
포트폴리오/NNG,22,13,9
삼/VV,35,11,24
구분/NNG,15,7,8
칼럼/NNG,31,16,15
상호/NNG,20,12,8
완성/NNG,23,12,11
견해/NNG,14,9,5
준비자산/NNG,2,2,0
신용/NNG,63,37,26
매년/MAG,15,12,3
휴지기/NNG,1,1,0
굵직굵직/NNG,1,1,0
예외/NNG,11,5,6
일터/NNG,1,1,0
성/NNG,20,12,8
소수자/NNG,4,4,0
차별/NNG,12,11,1
민자/NNG,1,1,0
자녀/NNG,1,1,0
추방/NNG,1,1,0
다카/NNG,5,3,2
철회/NNG,10,7,3
신중절/NNG,2,2,0
앞선/VV,7,6,1
판례/NNG,6,6,0
어긋나/VV,4,4,0
폐지/NNG,13,7,6
명의/NNG,7,6,1
대법관/NNG,2,2,0
성향/NNG,12,6,6
진/VV,4,1,3
우위/NNG,8,4,4
구도/NNG,2,2,0
원임/NNG,1,1,0
열흘/NNG,5,1,4
실망/NNG,5,4,1
안긴/VV,1,1,0
분노/NNG,5,3,2
좌파/NNG,1,1,0
비난/NNG,8,5,3
무릅쓰/VV,2,2,0
어렵사리/MAG,2,2,0
도대체/MAG,4,3,1
망가져/VV,2,2,0
성토/NNG,1,1,0
돋/VV,2,2,0
인/NNG,90,48,42
인물/NNG,26,14,12
대법원장/NNG,5,5,0
공화당/NNG,14,4,10
조시/NNG,2,2,0
임명/NNG,10,5,5
배신자/NNG,1,1,0
역적/NNG,1,1,0
찍혀/VV,2,1,1
낙태/NNG,2,1,1
사안/NNG,15,10,5
소수의견/NNG,1,1,0
편/NNG,7,5,2
섰/VV,2,1,1
뒤엎/VV,1,1,0
평판/NNG,5,3,2
위상/NNG,5,4,1
전쟁/NNG,6,4,2
승기/NNG,1,1,0
들였/VV,2,1,1
따로/MAG,15,9,6
종신직/NNG,1,1,0
판사/NNG,9,6,3
앉히/VV,1,1,0
최후/NNG,2,2,0
루/NNG,11,7,4
리라/NNG,8,4,4
기대/NNG,139,83,56
정치/NNG,62,43,19
법조문/NNG,1,1,0
바람/NNG,5,4,1
엉겁결/NNG,1,1,0
몸/NNG,5,3,2
돼버렸/VV,2,1,1
갖춰/VV,6,3,3
생기/VV,44,30,14
고치/VV,2,2,0
끊임없이/MAG,7,6,1
개선/NNG,50,21,29
설계/NNG,54,28,26
성난/VV,1,1,0
신경/NNG,12,6,6
여론/NNG,4,2,2
읽/VV,71,43,28
투명/NNG,43,25,18
맹신/NNG,2,1,1
지점/NNG,22,16,6
합의/NNG,37,23,14
암만/MAG,1,1,0
가져다/VV,5,5,0
작동/NNG,22,12,10
도란/NNG,1,1,0
뜻대로/MAG,2,1,1
늘/MAG,22,16,6
가꿔/VV,1,1,0
타격/NNG;피하/VV,1,0,1
정통/NNG,10,8,2
돌입/NNG,10,4,6
평가/NNG,142,63,79
사법당국/NNG,4,2,2
블랙리스트/NNG,5,3,2
동결/NNG,7,4,3
소의/NNG,1,0,1
즉시/MAG,12,6,6
사건/NNG,92,57,35
비허/NNG,3,1,2
직면/NNG,10,2,8
한계/NNG,16,7,9
거래자/NNG,39,29,10
무려/MAG,25,10,15
였/VV,78,37,41
환상/NNG,1,0,1
쫓/VV,4,2,2
대비/NNG,130,77,53
헤알/NNG,2,0,2
출구전략/NNG,2,0,2
쉬/NNG,2,0,2
자국/NNG,8,3,5
대체/NNG,76,43,33
투자처/NNG,10,7,3
몰리/VV,35,19,16
자치/NNG,5,4,1
만장일치/NNG,1,0,1
서명/NNG,39,28,11
발효/NNG,7,5,2
은행지점/NNG,1,0,1
의결/NNG,27,20,7
청산절차/NNG,1,0,1
의존/NNG,18,9,9
시드/NNG,15,10,5
도로/NNG,13,8,5
포커스/NNG,1,0,1
시나이/NNG,1,0,1
아반/NNG,1,0,1
출신/NNG,28,17,11
콕스/NNG,4,0,4
밥/NNG,9,6,3
맥/NNG,2,0,2
라스/NNG,1,0,1
대마초/NNG,3,1,2
생산/NNG,43,28,15
신청서/NNG,23,14,9
출/VV,54,33,21
fed/NNG;대차대조표/NNG;확대/NNG,1,1,0
대차대조표/NNG;축소/NNG,1,1,0
스트레스/NNG;완화/NNG,1,1,0
가격/NNG;악영향/NNG,5,3,2
수익/NNG;감소/NNG,3,2,1
가격/NNG;고점/NNG,4,3,1
가격/NNG;상승/NNG,57,36,21
많/VA;반대/NNG,1,1,0
오/NNG,6,4,2
협/NNG,2,2,0
토론회/NNG,18,9,9
입법/NNG,40,29,11
예고/NNG,48,36,12
뼈대/NNG,2,1,1
과기부/NNG,2,2,0
윤곽/NNG,1,1,0
수렴/NNG,13,9,4
지배구조/NNG,4,4,0
갖췄/VV,4,1,3
수리/NNG,47,28,19
하/NNG,11,7,4
따져/VV,5,2,3
짚/VV,14,10,4
신원/NNG,82,29,53
상당부분/NNG,11,7,4
강도/NNG,4,2,2
덜/MAG,7,5,2
그/VV,13,9,4
신중/NNG,25,19,6
장래/NNG,1,1,0
펼치/VV,12,10,2
취합/NNG,3,3,0
모아/VV,15,8,7
개정안/NNG,68,34,34
해설/NNG,1,1,0
인디/NNG,4,1,3
최/NNG,41,21,20
날/NNG,56,38,18
직상장/NNG,2,2,0
암시/NNG,7,6,1
듣/VV,27,22,5
배울/VV,4,4,0
트론/NNG,12,7,5
재단/NNG,79,48,31
퇴직자/NNG,2,2,0
중재/NNG,3,2,1
불복/NNG,2,2,0
소장/NNG,8,6,2
원고/NNG,7,3,4
의하/VV,37,16,21
적대적/VAX,2,1,1
관행/NNG,6,3,3
항소/NNG,3,3,0
파이넥스/NNG,41,26,15
법인자금/NNG,1,1,0
분실/NNG,20,18,2
자금난/NNG,1,1,0
예치금/NNG,66,40,26
메우/VV,4,2,2
혐의/NNG,76,55,21
기소/NNG,21,15,6
모회사/NNG,9,5,4
아이/NNG,14,8,6
관할권/NNG,1,1,0
기각/NNG,2,2,0
장도/NNG,3,3,0
등기부등본/NNG,2,2,0
삭/MAG,12,8,4
잔/NNG,1,1,0
우지/NNG,2,2,0
그래도/VV,6,6,0
반감기/NNG,14,8,6
감소/NNG,88,46,42
경영난/NNG,1,1,0
전역/NNG,9,5,4
비교/NNG,53,25,28
링크/NNG,51,25,26
맞붙/VV,1,1,0
티엠/NNG,5,5,0
나눠/VV,26,17,9
난/NNG,2,1,1
박애/NNG,1,1,0
비전/NNG,18,11,7
지닌/VV,23,10,13
성능/NNG,11,8,3
알려진/VV,41,25,16
사례/NNG,130,69,61
하이퍼인플레이션/NNG,11,8,3
기증/NNG,1,1,0
뒷받침/NNG,16,8,8
대안/NNG,35,15,20
레이/NNG,30,16,14
기자/NNG,72,43,29
친화/NNG,9,4,5
대차대조표/NNG,7,6,1
축소/NNG,32,20,12
악영향/NNG,12,6,6
힘입/VV,9,7,2
사뭇/MAG,6,3,3
히/VV,3,2,1
긴급/NNG,13,8,5
원인/NNG,46,25,21
스트레스/NNG,6,6,0
완화/NNG,31,14,17
자격증/NNG,7,5,2
소지자/NNG,1,1,0
성과/NNG,52,32,20
입증/NNG,18,11,7
직장/NNG,6,3,3
이직/NNG,2,2,0
준다/VV,11,7,4
프리즘/NNG,2,1,1
난립/NNG,2,1,1
배지/NNG,1,1,0
형식/NNG,13,6,7
수년/NNG,14,10,4
고래/NNG,34,22,12
불리/VV,29,20,9
습성/NNG,3,2,1
저점/NNG,20,11,9
고점/NNG,34,21,13
파도/NNG,2,2,0
매집/NNG,5,3,2
출금/NNG,91,46,45
량/NNG,32,15,17
옮겨진/VV,1,1,0
수량/NNG,16,11,5
지표/NNG,94,50,44
통상/MAG,4,2,2
최고점/NNG,12,7,5
양상/NNG,20,10,10
나타난다/VV,5,2,3
왼쪽/NNG,1,1,0
차트/NNG,81,38,43
오른쪽/NNG,1,1,0
살펴본/VV,5,2,3
사태/NNG,38,32,6
미루/VV,10,5,5
외생변수/NNG,2,2,0
두드러지/VA,6,3,3
크/MAG,70,41,29
퀀트/NNG,58,34,24
유량/NNG,58,45,13
상위/NNG,14,9,5
생산성/NNG;높/VA,1,0,1
가격/NNG;줄/VV,1,0,1
정재/NNG,2,0,2
트위터/NNG,147,99,48
줄줄이/MAG,4,1,3
해킹/NNG,104,72,32
라/NNG,9,5,4
메시지/NNG,39,21,18
벌어지/VV,23,13,10
허술/NNG,1,0,1
저녁/NNG,8,5,3
현지/NNG,87,60,27
캠/NNG,9,3,6
퍼지/NNG,3,1,2
이어서/VV,2,1,1
매체/NNG,55,35,20
쑨/VV,1,0,1
라이트/NNG,15,7,8
리플/NNG,74,48,26
타임/NNG,7,2,5
라인/NNG,44,7,37
팬/NNG,33,12,21
답/NNG,61,30,31
수북/NNG,1,0,1
쌓였/VV,3,2,1
태그/NNG,5,2,3
장악/NNG,5,1,4
머스크/NNG,70,40,30
칸/NNG,3,1,2
당했/VV,13,5,8
관대/NNG,3,0,3
기분/NNG,3,0,3
행운/NNG,3,0,3
떴/VV,4,1,3
해커/NNG,51,39,12
돌아와/VV,2,1,1
날렸/VV,4,2,2
시가/NNG,20,11,9
우버/NNG,3,0,3
기술기업/NNG,12,7,5
자오/NNG,7,3,4
공지/NNG,43,17,26
숨김/VV,1,0,1
당한/VV,6,3,3
팔로어/NNG,1,0,1
이른다/VV,13,5,8
당혹/NNG,2,1,1
이중인증/NNG,2,1,1
구했/VV,10,4,6
연예계/NNG,1,0,1
접촉/NNG,7,3,4
서드파티/NNG,1,0,1
생긴/VV,13,7,6
추정/NNG,52,30,22
비밀/NNG,31,11,20
권고/NNG,20,14,6
시간외거래/NNG,1,0,1
번역/NNG,41,29,12
모두/NNG,43,26,17
참/MAG,1,0,1
이례적/VAX,5,4,1
특별히/MAG,4,2,2
모임/NNG,8,2,6
몸담/VV,3,2,1
리얼/NNG,2,0,2
발족/NNG,3,2,1
카/NNG,14,8,6
삿/NNG,5,0,5
이메일/NNG,29,22,7
참여율/NNG,1,0,1
정상/NNG,23,13,10
멈춰/VV,3,2,1
연례행사/NNG,4,0,4
모이/VV,24,14,10
옵티미즘/NNG,7,2,5
열린다는/VV,2,1,1
느낌/NNG,8,4,4
아쉽/VA,4,2,2
안전/NNG,44,28,16
확진/NNG,8,4,4
집단/NNG,23,14,9
어렵/VV,32,17,15
스페이스/NNG,8,5,3
메시/NNG,4,2,2
레인/NNG,3,2,1
깨닫/VV,8,4,4
생산성/NNG,3,1,2
평소/NNG,17,9,8
가깝/VV,2,1,1
성취감/NNG,2,1,1
그만한/VA,3,2,1
기쁨/NNG,3,1,2
결속력/NNG,1,0,1
이어진다는/VV,2,0,2
근간/NNG,3,1,2
구성원/NNG,19,10,9
유대/NNG,1,0,1
기약/NNG,1,0,1
심각/NNG,27,16,11
모우/NNG,4,0,4
단번에/MAG,1,0,1
일축/NNG,6,1,5
즉석/NNG,2,0,2
벌어질/VV,5,1,4
동료/NNG,4,3,1
인용/NNG,18,9,9
멋진/VA,4,2,2
공간/NNG,28,19,9
갈수록/MAG,13,7,6
하이브리드/NNG,5,3,2
만남/NNG,5,3,2
다행/NNG,5,3,2
다소/MAG,26,13,13
근시안/NNG,2,0,2
왕/NNG,8,6,2
대화/NNG,14,10,4
나누/VV,12,8,4
즐겨/VV,4,1,3
만날/VV,3,1,2
지니/NNG,17,11,6
즘/MAG,7,4,3
즘/NNG,11,4,7
어셈블리/NNG,1,0,1
옮겨오/VV,1,0,1
해커톤/NNG,30,16,14
개최지/NNG,2,1,1
숙소/NNG,2,0,2
구해/VV,2,0,2
소중/NNG,2,1,1
진작/NNG,2,1,1
재정비/NNG,1,0,1
가진다고/VV,1,0,1
언급/NNG,160,95,65
열정/NNG,2,1,1
일깨우/VV,1,0,1
시험/NNG,18,9,9
가동/NNG,16,10,6
널리/MAG,68,34,34
느낀다/VV,2,1,1
실/VA,11,4,7
베타/NNG,5,1,4
네트워킹/NNG,3,1,2
후원/NNG,26,19,7
원사/NNG,5,2,3
창의/NNG,2,1,1
휴식기/NNG,1,0,1
긍정적/VAX,44,22,22
솔직히/MAG,4,2,2
산만/NNG,1,0,1
표출/NNG,3,1,2
유일/NNG,24,9,15
로비/NNG,3,2,1
참석/NNG,31,17,14
경비/NNG,2,1,1
접하/VV,7,5,2
임/NNG,2,0,2
특혜/NNG,5,4,1
본질/NNG,15,8,7
계급/NNG,1,0,1
접할/VV,1,0,1
실시간/NNG,30,16,14
형평/NNG,2,1,1
고하/VV,14,10,4
가져가/VV,5,3,2
카리스마/NNG,1,0,1
연사/NNG,10,7,3
무대/NNG,3,2,1
열광/NNG,3,2,1
느꼈/VV,7,4,3
스크린/NNG,2,0,2
장기/NNG,103,54,49
워크숍/NNG,4,2,2
집중도/NNG,1,0,1
기다리/VV,21,14,7
으로/NNG,52,36,16
금융시스템/NNG;취약/NNG,1,1,0
정치/NNG;압박/NNG,2,2,0
우려/NNG;증대/NNG,1,1,0
경기/NNG;하락/NNG,1,1,0
전망/NNG;빠지/VV,1,1,0
많/VA;비판/NNG,1,1,0
우려/NNG;쏟/VV,1,1,0
자산/NNG;넘/VV,1,1,0
자금/NNG;늘/VV,2,2,0
이미지/NNG,26,15,11
준다면/VV,1,1,0
가해질/VV,2,2,0
코리아/NNG,67,39,28
드나드/VV,2,2,0
여파/NNG,12,9,3
대폭락/NNG,1,1,0
매매/NNG,32,19,13
페이팔/NNG,84,54,30
팩/MAG,22,14,8
소스/NNG,21,11,10
맡길/VV,3,3,0
소식통/NNG,9,8,1
류/NNG,26,17,9
전한/VV,5,4,1
동작/NNG,10,7,3
구축/NNG,129,71,58
아키텍처/NNG,4,3,1
예탁/NNG,12,4,8
외화증권/NNG,5,5,0
금액/NNG,53,39,14
반기/NNG,6,6,0
기여도/NNG,2,2,0
잊/VV,11,4,7
며칠/NNG,21,15,6
때로/MAG,7,6,1
중대/NNG,5,3,2
나쁘/VA,16,8,8
시끌벅적/MAG,1,1,0
소란/NNG,2,1,1
기억/NNG,19,9,10
어마어마/NNG,4,3,1
틀린/VV,2,1,1
약속/NNG,30,21,9
수법/NNG,11,11,0
속아/NNG,1,1,0
놀랍/VA,10,5,5
뻔하/VA,1,1,0
걸려드/VV,1,1,0
달하/VV,76,48,28
금전/NNG,7,6,1
비하/VV,11,7,4
천국/NNG,1,1,0
완전히/MAG,44,30,14
반박/NNG,12,9,3
감시/NNG,35,16,19
조명/NNG,3,2,1
멀리/MAG,4,2,2
노드/NNG,124,76,48
사라진다고/VV,1,1,0
속해/VV,2,2,0
유와/NNG,2,1,1
가하/VV,14,6,8
괜한/VA,1,1,0
감독/NNG,50,33,17
무게/NNG,7,5,2
정가/NNG,2,2,0
다투/VV,3,1,2
수용/NNG,15,11,4
최소한/NNG,8,3,5
퍼진/VV,2,2,0
신호/NNG,74,39,35
게다가/MAG,11,8,3
피해금액/NNG,2,2,0
미미/NNG,6,2,4
간파/NNG,1,1,0
전문투자자/NNG,5,2,3
지나간다면/VV,1,1,0
용인/NNG,4,2,2
편취/NNG,2,1,1
과소/NNG,3,3,0
숨기/VV,5,5,0
되돌/VV,8,7,1
경로/NNG,10,6,4
드러나/VV,15,9,6
소도/NNG,2,1,1
얼마/NNG,32,18,14
가짜/NNG,18,10,8
속일/VV,1,1,0
유용/NNG,12,10,2
소와/NNG,2,2,0
도출/NNG,9,5,4
용이/NNG,3,3,0
포렌식/NNG,1,1,0
브랜드인지도/NNG,1,1,0
연루/NNG,12,8,4
그래/VV,3,2,1
헤드라인/NNG,1,1,0
희미/NNG,1,1,0
도크/NNG,8,6,2
동/MAG,2,2,0
전후/NNG,6,3,3
진짜/NNG,4,2,2
검열/NNG,11,3,8
취약점/NNG,10,8,2
공략/NNG,6,6,0
순식간/NNG,7,4,3
광범위/NNG,22,14,8
시발점/NNG,1,1,0
증대/NNG,10,7,3
뉴스/NNG,61,44,17
번갈/VV,1,1,0
웃돈/NNG,5,1,4
경기/NNG,32,20,12
상쇄/NNG,6,4,2
태도/NNG,18,10,8
약사/NNG,3,3,0
거둔/VV,3,2,1
생겨났/VV,5,4,1
걸린다는/VV,2,2,0
들썩이/VV,2,2,0
찬물/NNG,3,3,0
끼얹/VV,3,3,0
바이러스/NNG,12,10,2
은/NNG,41,21,20
육박/NNG,16,13,3
무의미/NNG,3,3,0
지지부진/NNG,1,1,0
거두/VV,6,4,2
동동/MAG,1,1,0
구르/VV,1,1,0
돌파구/NNG,3,3,0
생겨나/VV,8,5,3
거래패턴/NNG,2,1,1
식과/NNG,11,3,8
강하/VA,28,17,11
외화/NNG,6,4,2
단기간/NNG,11,6,5
유로시장/NNG,1,1,0
전기차/NNG,7,6,1
인터넷기업/NNG,2,1,1
항서/NNG,1,1,0
소재기업/NNG,1,1,0
가가/NNG,18,5,13
표방/NNG,1,1,0
베리/NNG,20,14,6
시경/NNG,32,16,16
돼서/VV,4,3,1
침입/NNG,4,3,1
감지/NNG,6,3,3
폐쇄/NNG,49,34,15
슬며시/MAG,1,1,0
알렸/VV,7,5,2
핫/NNG,6,6,0
도난/NNG,13,13,0
이정표/NNG,2,2,0
나옵니다/VV,2,2,0
운영사/NNG,41,30,11
속하/VV,8,3,5
달/VV,8,6,2
권역/NNG,1,1,0
받아들이/VV,19,8,11
마운트/NNG,6,6,0
유출/NNG,34,21,13
취당/NNG,3,3,0
지저분/NNG,1,1,0
생겨난/VV,9,8,1
금법/NNG,9,5,4
막상/MAG,3,2,1
상대적/VAX,18,9,9
여겨졌/VV,2,1,1
사고/NNG,50,39,11
이젠/NNG,5,4,1
취재원/NNG,8,5,3
고가/NNG,11,7,4
시선/NNG,5,5,0
갈/VV,19,11,8
다한/VV,1,1,0
취재/NNG,40,20,20
유튜브/NNG,45,16,29
동영상/NNG,11,7,4
캡/MAG,2,2,0
처한/VV,5,3,2
루트/NNG,26,20,6
소프트/NNG,8,5,3
첨부/NNG,3,3,0
메일/NNG,6,5,1
왔/VV,19,14,5
근로자/NNG,2,2,0
승계/NNG,1,1,0
사임/NNG,6,5,1
오해/NNG,11,8,3
삭/NNG,5,3,2
교체/NNG,6,4,2
위협/NNG;아니/VCN,1,1,0
위험/NNG;빠지/VV,1,1,0
감독청/NNG,36,29,7
저축/NNG,3,2,1
현대/NNG,12,11,1
속한다고/VV,2,2,0
금고/NNG,9,9,0
오늘날/NNG,23,12,11
구/NNG,27,17,10
대행/NNG,23,18,5
호/NNG,66,30,36
수동/NNG,4,3,1
전통/NNG,41,23,18
채권펀드/NNG,2,2,0
금융자산/NNG,21,5,16
실물/NNG,30,23,7
금융중개기능/NNG,1,1,0
수행/NNG,26,16,10
인베스트먼트/NNG,21,17,4
스탠더드/NNG,2,1,1
은행법/NNG,6,2,4
부적/NNG,10,7,3
공식/NNG,58,41,17
양도차익/NNG,13,10,3
회/NNG,20,12,8
분리과/NNG,2,2,0
지방/NNG,45,34,11
손익/NNG,4,4,0
통산/NNG,4,2,2
담긴/VV,10,7,3
정부안/NNG,2,2,0
대상자산/NNG,1,1,0
앞서/MAG,52,37,15
집단소송/NNG,6,6,0
기했/VV,17,12,5
소셜미디어/NNG,19,13,6
전면/NNG,20,14,6
막대/NNG,24,15,9
홍/NNG,37,26,11
피해액/NNG,10,10,0
이른다고/VV,4,3,1
조원/NNG,27,8,19
인민/NNG,5,3,2
장치/NNG,12,7,5
디지털통화/NNG,13,10,3
스퀘어/NNG,32,17,15
허위/NNG,11,7,4
고했/VV,6,3,3
콜/NNG,11,5,6
물러나/VV,2,2,0
몰라야/VV,2,2,0
전성기/NNG,4,3,1
소린가/NNG,1,1,0
자마/NNG,1,1,0
인근/NNG,4,3,1
오지/NNG,1,1,0
인터/NNG,16,10,6
넘쳐날/VV,1,1,0
진지/NNG,5,3,2
묻어난/VV,1,1,0
열/NNG,4,2,2
선한데/VV,1,1,0
대체/MAG,54,39,15
몰라도/VV,8,7,1
떠올린/VV,2,2,0
그라운드/NNG,36,23,13
클립/NNG,18,4,14
스/VV,59,28,31
이전/NNG,109,66,43
스왑/NNG,132,84,48
손쉽/VA,12,8,4
설득/NNG,10,7,3
후발/NNG,2,2,0
단독/NNG,7,4,3
사나/NNG,2,2,0
스캔/NNG,5,4,1
도구/NNG,27,15,12
덕/NNG,10,7,3
임의/NNG,8,7,1
스코프/NNG,3,3,0
순간/NNG,26,15,11
고도화/NNG,7,4,3
키/NNG,35,21,14
르/NNG,11,7,4
유자/NNG,39,26,13
탓/NNG,23,9,14
아/VV,19,7,12
확정/NNG,19,15,4
카/VV,6,5,1
슬/VV,31,30,1
슬슬/MAG,1,1,0
아프/VA,4,4,0
어떤가/VA,1,1,0
연동/NNG,73,46,27
마음/NNG,29,14,15
던진다/VV,3,2,1
자율/NNG,25,14,11
행/NNG,23,10,13
아침/NNG,80,27,53
딥러닝/NNG,1,1,0
그야말로/MAG,3,3,0
외쳤/VV,2,1,1
뛰어들/VV,14,8,6
너도나도/MAG,1,1,0
수순/NNG,3,2,1
정점/NNG,7,5,2
떠나/VV,18,12,6
닥쳤/VV,1,1,0
공통/NNG,12,7,5
그땐/NNG,3,2,1
와야/VV,1,1,0
재차/MAG,10,7,3
실생활/NNG,3,2,1
녹아든/VV,1,1,0
패스/NNG,6,2,4
운전/NNG,10,1,9
면허증/NNG,10,1,9
진가/NNG,1,1,0
다가오/VV,10,4,6
집필/NNG,5,4,1
방역/NNG,19,19,0
집중형/NNG,4,3,1
권력/NNG,25,12,13
연방정부/NNG,11,7,4
상실/NNG,2,1,1
공동체/NNG,5,4,1
번성/NNG,3,3,0
인종/NNG,6,5,1
봉쇄/NNG,2,2,0
진통/NNG,3,2,1
서구/NNG,19,3,16
자유민/NNG,2,1,1
대처/NNG,10,9,1
적극/NNG,18,11,7
토론/NNG,28,14,14
민/VV,17,12,5
완/VV,10,6,4
든/VV,14,10,4
마스크/NNG,48,40,8
장려/NNG,16,11,5
대량/NNG,28,17,11
공공장소/NNG,1,1,0
심혈/NNG,1,1,0
즉각/MAG,10,6,4
격리/NNG,1,1,0
공통점/NNG,7,6,1
중시/NNG,3,2,1
일당/NNG,3,3,0
독재/NNG,3,2,1
력/NNG,29,17,12
평했/VV,4,4,0
재난/NNG,15,13,2
맞이/NNG,10,5,5
민/NNG,23,14,9
의가/NNG,8,4,4
서로/MAG,37,15,22
의사소통/NNG,1,1,0
바람직/NNG,12,5,7
시민/NNG,27,19,8
통로/NNG,3,2,1
잘못/NNG,4,2,2
독/NNG,3,2,1
동/NNG,6,3,3
걸/VV,16,7,9
거대/NNG,25,16,9
불신/NNG,6,6,0
엑스포/NNG,3,1,2
참가/NNG,16,10,6
대출/NNG;금리갭/NNG;줄/VV,1,1,0
순이익/NNG;증가/NNG,1,1,0
경기/NNG;침체/NNG,4,3,1
환경/NNG;악화/NNG,1,1,0
이익/NNG;감소/NNG,1,1,0
침체/NNG;위험/NNG,1,1,0
부실/NNG;위험/NNG,1,1,0
수입/NNG;증가/NNG,2,2,0
돈/NNG;풀/VV,3,2,1
개방형/NNG,14,11,3
오픈소스/NNG,27,19,8
반기/VV,2,2,0
움직임/NNG,46,28,18
패권/NNG,2,2,0
맞서/VV,4,2,2
위안/NNG,82,55,27
대조/NNG,5,2,3
과학/NNG,27,16,11
편협/NNG,1,1,0
정실/NNG,1,1,0
과학자/NNG,4,3,1
암호학/NNG,2,2,0
목소리/NNG,20,15,5
원스톱/NNG,1,1,0
토스/NNG,9,9,0
한도/NNG,23,12,11
한국판/NNG,1,1,0
금융지원/NNG,1,1,0
은성/NNG,8,5,3
동참/NNG,6,5,1
모양새/NNG,12,6,6
셈하/VV,2,2,0
장벽/NNG,9,6,3
착안/NNG,2,2,0
우회로/NNG,2,2,0
광풍/NNG,12,6,6
심심찮/VA,1,1,0
가장/NNG,6,5,1
화두/NNG,5,4,1
신흥국/NNG,11,6,5
안전자산/NNG,12,6,6
인수도/NNG,2,1,1
덩달/VV,9,7,2
서류/NNG,36,22,14
가정/NNG,17,10,7
존폐/NNG,4,3,1
좌우/NNG,7,6,1
열쇠/NNG,8,7,1
가진다면/VV,4,4,0
의도/NNG,19,11,8
시켜/VV,4,3,1
없앨/VV,5,4,1
부른다/VV,7,5,2
지/NNG,19,13,6
외하/VV,19,13,6
선방/NNG,2,2,0
실적/NNG,37,28,9
놨/VV,17,11,6
침체/NNG,12,9,3
독려/NNG,7,4,3
지원금/NNG,13,10,3
편/VV,3,3,0
짧/VA,30,24,6
이모저모/NNG,1,1,0
바랍니다/VV,3,3,0
아바/NNG,22,20,2
엑스/NNG,66,36,30
코넬/NNG,3,2,1
앤드/NNG,3,3,0
이니셜/NNG,5,2,3
포스/NNG,6,4,2
크로스/NNG,8,5,3
까지/VV,3,2,1
금리갭/NNG,1,1,0
악화/NNG,15,10,5
견줘/VV,10,10,0
역대/NNG,62,37,25
달성/NNG,32,19,13
사모펀드/NNG,6,3,3
불확실성/NNG,31,15,16
일회성비용/NNG,1,1,0
거뒀/VV,5,5,0
정부정책/NNG,7,1,6
수혜/NNG,8,4,4
충당금/NNG,1,1,0
환매/NNG,2,2,0
위기/NNG,28,23,5
부실/NNG,10,9,1
비은행/NNG,5,3,2
최대이익/NNG,1,1,0
식거/NNG,1,1,0
대금/NNG,6,4,2
동학/NNG,3,3,0
개미/NNG,11,3,8
운동/NNG,5,4,1
살펴본다/VV,2,2,0
취득가액/NNG,3,3,0
감안/NNG,21,11,10
납/NNG,19,17,2
자/NNG,34,12,22
책임/NNG,37,24,13
진다/VV,1,1,0
양도가액/NNG,1,1,0
뜻한다/VV,16,9,7
호가/NNG,6,3,3
불명확/NNG,4,3,1
들어와/VV,3,3,0
불변/NNG,5,3,2
미신고/NNG,4,3,1
거래사고/NNG,1,1,0
나/VV,33,19,14
여지/NNG,4,1,3
상점/NNG,5,4,1
할까/VV,6,4,2
양도/NNG,12,9,3
포괄/NNG,5,4,1
매긴다/VV,1,1,0
산/VV,5,3,2
커피숍/NNG,1,1,0
납부/NNG,14,6,8
더욱/MAG,70,34,36
외면/NNG,1,1,0
비록/MAG,5,4,1
원칙/NNG,22,15,7
한정판/NNG,5,1,4
쇼핑백/NNG,1,1,0
한다는/VV,10,8,2
서비스기업/NNG,9,6,3
중과/NNG,2,2,0
항의/NNG,8,4,4
치르/VV,7,4,3
부가/NNG,5,4,1
성격/NNG,21,15,6
덧붙이/VV,91,56,35
빼/VV,13,7,6
매번/MAG,2,2,0
도록/NNG,1,1,0
불공정/NNG,2,1,1
바란다/VV,26,13,13
낸다는/VV,3,1,2
선불카드/NNG,12,12,0
딱/MAG,4,3,1
장애/NNG,7,6,1
망가집니다/VV,1,1,0
서로/NNG,13,11,2
없애/VV,10,6,4
다자간/NNG,4,2,2
불립니다/VV,1,1,0
괏/MAG,3,3,0
임의로/MAG,1,1,0
알아낼/VV,1,1,0
전적/NNG,4,4,0
각자/NNG,3,3,0
프라이버시/NNG,35,21,14
지폐/NNG,8,7,1
장할/VA,8,7,1
조합/NNG,12,10,2
잃어버린/VV,1,1,0
다름없/VA,6,4,2
훔칠/VV,1,1,0
관리자/NNG,20,8,12
파산선고/NNG,1,1,0
지문/NNG,2,1,1
잠금/VV,1,1,0
데이터베이스/NNG,9,7,2
권한/NNG,45,25,20
일정비율/NNG,4,4,0
전할/VV,1,1,0
안전장치/NNG,3,3,0
추후/NNG,15,10,5
시너지/NNG,11,6,5
결코/MAG,10,4,6
단순/NNG,13,8,5
랩톱/NNG,1,1,0
오디오/NNG,3,2,1
탁기/NNG,2,2,0
냉장고/NNG,1,1,0
냉난/NNG,1,1,0
방기/NNG,1,1,0
러닝/NNG,1,1,0
킥/NNG,12,11,1
모기/NNG,2,1,1
치/VV,24,20,4
운/NNG,15,14,1
영체/NNG,6,6,0
안전성/NNG,15,14,1
맞춤/VV,4,2,2
안자/NNG,1,1,0
와도/VV,3,3,0
와이파이/NNG,6,6,0
해시/NNG,103,73,30
파워/NNG,13,7,6
로그인/NNG,9,2,7
지인/NNG,12,5,7
토끼/NNG,7,7,0
자미/NNG,1,1,0
처/NNG,10,6,4
써왔/VV,1,1,0
넓혀/VV,2,1,1
쥔/VV,4,2,2
웨이/NNG,6,6,0
슌/NNG,1,1,0
월드/NNG,8,7,1
비스/NNG,3,3,0
전자계약/NNG,1,1,0
베스트/NNG,2,1,1
알려졌/VV,38,27,11
투자/NNG;실패/NNG,1,1,0
심상/NNG;않/VX,1,1,0
위험/NNG;줄/VV,2,1,1
카페/NNG,2,1,1
늦/VA,25,20,5
흔하/VA,9,7,2
어쩔/VV,6,4,2
필명/NNG,6,4,2
존/VA,1,1,0
낮/NNG,5,2,3
경야/NNG,1,1,0
업의/NNG,1,1,0
역사/NNG,34,18,16
심상/NNG,1,1,0
일단/MAG,19,12,7
어쩌다가/MAG,1,1,0
잠시/MAG,6,3,3
찔렀/VV,1,1,0
따리/NNG,2,2,0
펼쳐졌/VV,3,3,0
바쁘/VA,4,3,1
움/NNG,14,13,1
파/MAG,1,1,0
의지/NNG,13,7,6
아버지/NNG,12,12,0
장밋빛/NNG,4,3,1
설파/NNG,1,1,0
권유/NNG,7,6,1
합친/VV,3,3,0
아버님/NNG,3,2,1
선견지명/NNG,1,1,0
적당/NNG,6,4,2
파셨/VV,1,1,0
면했/VV,1,1,0
말씀/NNG,3,2,1
그러신/VA,1,1,0
사연/NNG,2,2,0
밑자락/NNG,1,1,0
어법/NNG,1,1,0
하트/NNG,3,2,1
뿅뿅/MAG,1,1,0
재테크/NNG,5,2,3
뼈아프/VA,3,2,1
실책/NNG,1,1,0
종목/NNG,21,10,11
추천/NNG,15,6,9
신/VA,1,1,0
하여튼/MAG,1,1,0
불장/NNG,4,2,2
여기저기/NNG,2,2,0
모아서/VV,5,3,2
끝물/NNG,1,1,0
현금화/NNG,5,4,1
가렸/VV,1,1,0
실패담/NNG,1,1,0
때려치웠/VV,1,1,0
반성/NNG,2,2,0
어리/VA,1,1,0
리딩/NNG,10,8,2
왠지/MAG,2,1,1
슬픈/VA,2,1,1
이어질까/VV,1,1,0
두렵/VA,5,4,1
유료/NNG,4,3,1
그나마/MAG,9,7,2
들어갔/VV,11,6,5
매월/MAG,3,2,1
회비/NNG,1,1,0
사도/NNG,1,1,0
금방/MAG,4,3,1
언/NNG,6,5,1
찾아다니/VV,2,2,0
맛본/VV,1,1,0
기억나/VV,1,1,0
펄스/NNG,11,6,5
나와서/VV,2,2,0
대답/NNG,11,9,2
더/VV,11,6,5
소액/NNG,16,8,8
닥치/VV,1,1,0
찾아다녔/VV,1,1,0
평일/NNG,3,2,1
소회/NNG,3,2,1
덧붙여서/VV,1,1,0
쌓인/VV,6,2,4
방과/NNG,3,3,0
게시판/NNG,9,6,3
혼자/MAG,3,3,0
텍스트/NNG,3,3,0
열심히/MAG,7,5,2
혼자/NNG,5,4,1
바꿨/VV,8,6,2
놔두/VV,1,1,0
애용/NNG,1,1,0
방대/NNG,7,3,4
사살/NNG,1,1,0
회원/NNG,47,33,14
창업/NNG,17,15,2
도무지/MAG,1,1,0
식사/NNG,4,4,0
몰랐/VV,6,3,3
부대/NNG,4,2,2
앉/VV,8,6,2
모자랄/VV,1,1,0
퇴근/NNG,3,2,1
장소/NNG,8,7,1
와서/VV,5,5,0
새벽/NNG,16,14,2
납니다/VV,1,1,0
걸렸/VV,7,7,0
노하우/NNG,8,7,1
생겨서/VV,1,1,0
날까/VV,2,2,0
자비/NNG,1,1,0
형편/NNG,2,2,0
취미/NNG,2,1,1
그치/VV,13,11,2
싫/VA,11,6,5
살짝/MAG,2,2,0
된다며/VV,1,1,0
챙겨/VV,1,1,0
한숨/NNG,2,2,0
새/VV,3,3,0
대뜸/MAG,2,1,1
깔깔대/VV,1,1,0
웃/VV,6,4,2
길들/VV,1,1,0
간다는/VV,1,1,0
붙잡/VV,3,2,1
잠깐/MAG,3,2,1
가셔야/VV,1,1,0
맘/NNG,1,1,0
글자/NNG,5,4,1
따/VV,5,3,2
갑니다/VV,1,1,0
부회장/NNG,8,4,4
모/NNG,7,5,2
엘/NNG,18,12,6
자본시장/NNG,10,5,5
스트레스테스트/NNG,1,1,0
틀/NNG,11,8,3
닮/VV,1,1,0
재임/NNG,2,2,0
기술혁신/NNG,4,3,1
장외거래/NNG,22,14,8
가격결정/NNG,1,1,0
담근/VV,1,1,0
첫해/NNG,3,3,0
인터페이스/NNG,9,6,3
대다수/NNG,8,5,3
수도/NNG,7,5,2
화이트리스트/NNG,2,2,0
운영비/NNG,3,1,2
가스/NNG,64,16,48
비로/NNG,1,1,0
쌓이/VV,4,3,1
모을/VV,4,3,1
후면/NNG,1,1,0
벗어나/VV,21,10,11
아방가르드/NNG,1,1,0
포트/NNG,2,2,0
사고팔/VV,5,4,1
베가/NNG,6,6,0
매너/NNG,4,4,0
세/VA,8,6,2
추어/NNG,1,1,0
자문/NNG,12,8,4
투자은행/NNG,31,25,6
배포/NNG,24,12,12
브로커/NNG,18,8,10
런던/NNG,18,13,5
고지/NNG,13,6,7
바란다고/VV,2,1,1
헤징/NNG,1,1,0
공포심/NNG,1,1,0
물류/NNG,14,2,12
법상/NNG,12,10,2
안정성/NNG,17,10,7
테두리/NNG,2,2,0
특징/NNG,31,16,15
범/NNG,9,2,7
유한/VV,53,33,20
파트너십/NNG,20,12,8
입점/NNG,1,1,0
만/NNG,9,3,6
성적/NNG,5,4,1
핀/VV,23,20,3
산학/NNG,4,4,0
포/NNG,22,5,17
총장/NNG,2,1,1
챗봇/NNG,2,2,0
자결/NNG,5,3,2
계열회사/NNG,7,5,2
재선/NNG,5,3,2
슬/NNG,6,6,0
셔/NNG,4,1,3
널/VV,4,1,3
인포메이션/NNG,1,1,0
옴니채널/NNG,1,1,0
공해/NNG,9,3,6
합성/NNG,8,8,0
틱스/NNG,8,7,1
투자사/NNG,13,7,6
추종/NNG,7,5,2
동명/NNG,2,2,0
자금/NNG;조달/NNG;위험/NNG,1,1,0
탄탄/NNG;성장/NNG,1,1,0
위험/NNG;완화/NNG,3,2,1
폭발/NNG;성장/NNG,5,4,1
원금/NNG,20,13,7
수익금/NNG,3,3,0
환급/NNG,5,4,1
고액/NNG,7,5,2
재투자/NNG,6,3,3
종용/NNG,3,2,1
빙자/NNG,1,1,0
공장/NNG,4,3,1
법사/NNG,1,1,0
피해신고센터/NNG,1,1,0
접수/NNG,29,18,11
적발/NNG,15,14,1
수신/NNG,22,16,6
유행/NNG,7,2,5
기법/NNG,3,3,0
피해자/NNG,25,20,5
현혹/NNG,3,3,0
폰지사기/NNG,1,1,0
연예인/NNG,3,3,0
정관/NNG,1,1,0
유력자/NNG,1,1,0
친분/NNG,1,1,0
수당/NNG,4,4,0
구가/NNG,3,2,1
잠적/NNG,7,4,3
폐업/NNG,26,14,12
평균연령/NNG,1,1,0
고수익/NNG,4,3,1
희생양/NNG,1,1,0
파악/NNG,46,28,18
문한/NNG,1,1,0
더디/VA,2,2,0
전신송금/NNG,2,2,0
용은/NNG,65,45,20
람다/NNG,20,7,13
난자/NNG,3,1,2
란트/NNG,30,29,1
유스/NNG,2,2,0
회원사/NNG,12,6,6
조인트벤처/NNG,1,1,0
속속/MAG,9,4,5
워킹그룹/NNG,1,1,0
상공회의소/NNG,5,3,2
디지털금융/NNG,10,6,4
준수/NNG,48,19,29
자율적/VAX,6,4,2
지위/NNG,31,16,15
모호/NNG,7,5,2
대륙/NNG,3,3,0
힘쓰/VV,2,1,1
지키/VV,19,10,9
하계/NNG,1,1,0
탁/NNG,28,12,16
단체/NNG,14,8,6
전무/NNG,17,6,11
꼽/VV,27,18,9
응답/NNG,21,7,14
염두/NNG,13,9,4
최선/NNG,13,9,4
애널리틱스/NNG,7,4,3
펴/VV,11,6,5
사명/NNG,8,8,0
획득/NNG,31,13,18
트랜스퍼/NNG,1,1,0
태스크포스/NNG,8,5,3
따른다/VV,1,1,0
따른다는/VV,2,2,0
자동화/NNG,3,3,0
혼합/NNG,1,1,0
마침/MAG,4,2,2
노/NNG,1,1,0
프로/NNG,46,25,21
와/NNG,6,3,3
출하/NNG,16,11,5
섣불/MAG,6,3,3
특성/NNG,41,25,16
외국기업/NNG,2,2,0
베/VV,1,1,0
교사/NNG,4,3,1
현지인/NNG,1,1,0
원치/VV,1,1,0
마마/NNG,2,2,0
괄목/NNG,2,2,0
식별/NNG,12,5,7
한/NNG,37,28,9
여권/NNG,5,3,2
리마/NNG,1,1,0
히/MAG,12,8,4
로컬/NNG,4,4,0
스풀/NNG,8,8,0
크릴/NNG,1,1,0
안심/NNG,6,6,0
초점/NNG,17,8,9
대담/NNG,4,2,2
팩/NNG,5,3,2
스위치/NNG,2,2,0
대대/NNG,11,6,5
신분증/NNG,7,6,1
만료일/NNG,1,1,0
청한다/VV,2,1,1
떠났/VV,3,2,1
센트/NNG,5,4,1
시인/NNG,2,1,1
여력/NNG,8,5,3
채택률/NNG,2,2,0
방편/NNG,3,3,0
활발히/MAG,8,4,4
친척/NNG,2,2,0
영수증/NNG,1,1,0
골드러시/NNG,3,2,1
닦/VV,3,2,1
었/VV,9,7,2
돌아간다/VV,3,1,2
산업/NNG;활성화/NNG,2,1,1
진흥원/NNG,23,11,12
논문/NNG,12,10,2
공모전/NNG,2,2,0
대회/NNG,31,29,2
입상/NNG,4,3,1
상금/NNG,9,9,0
비즈니스/NNG,13,8,5
크레딧/NNG,3,3,0
입/NNG,20,13,7
우대/NNG,3,2,1
진다/NNG,1,1,0
인/VV,3,3,0
떠오르/VV,25,15,10
아낌없이/MAG,1,1,0
국유/NNG,2,2,0
기경/NNG,2,2,0
신문/NNG,32,23,9
복수/NNG,13,10,3
선전/NNG,7,6,1
농민/NNG,1,1,0
중국은행/NNG,4,3,1
건설/NNG,8,5,3
공금/NNG,1,1,0
대외/NNG,4,2,2
인민폐/NNG,2,1,1
편리/NNG,12,7,5
한적/NNG,4,2,2
스스로/NNG,6,5,1
연구개발/NNG,10,8,2
마무리짓/VV,1,1,0
본점/NNG,1,1,0
시간표/NNG,1,1,0
순조/NNG,5,3,2
슝/MAG,2,2,0
신/VV,4,4,0
청두/NNG,3,3,0
디디/NNG,3,3,0
식당/NNG,6,6,0
평점/NNG,2,1,1
투기/NNG;거품/NNG,2,0,2
위험/NNG;막/VV,1,0,1
온톨로지/NNG,7,0,7
니어/NNG,17,11,6
신분/NNG,5,2,3
확산/NNG,59,26,33
사물/NNG,2,0,2
분간/NNG,3,1,2
신약/NNG,1,0,1
엄밀히/MAG,5,1,4
의학/NNG,3,0,3
형성/NNG,39,27,12
파투/NNG,1,0,1
유효/NNG,18,5,13
베팅/NNG,32,22,10
순매수/NNG,3,2,1
환율/NNG,9,3,6
디/NNG,49,28,21
얼라이언스/NNG,12,6,6
신용평가/NNG,2,1,1
레이팅/NNG,8,5,3
등급/NNG,8,5,3
상향/NNG,10,6,4
격렬/NNG,2,1,1
팀워크/NNG,1,0,1
상호운용성/NNG,3,1,2
분/NNG,5,3,2
갈라져/VV,1,0,1
싸우/VV,4,3,1
숙청/NNG,1,0,1
공존/NNG,8,4,4
공유자원/NNG,1,0,1
좌지우지/NNG,4,1,3
진단/NNG,24,7,17
럭비/NNG,1,0,1
리그/NNG,6,3,3
지적재산권/NNG,7,2,5
트레이드마크/NNG,1,0,1
상표/NNG,2,1,1
소유자/NNG,12,8,4
스토어/NNG,17,14,3
우/VV,16,9,7
달려가/VV,2,1,1
물가/NNG,54,27,27
맞물리/VV,5,2,3
촉매/NNG,8,4,4
코다/NNG,9,7,2
오픈시스템/NNG,1,0,1
출발/NNG,5,4,1
중개자/NNG,15,3,12
막강/NNG,7,4,3
굴/VV,28,17,11
달려/VV,8,2,6
오픈마켓/NNG,2,0,2
귤/NNG,1,0,1
괴/VV,2,0,2
박사/NNG,21,12,9
드러났/VV,9,6,3
닷컴기업/NNG,1,0,1
몰락/NNG,1,0,1
풍미/NNG,1,0,1
기틀/NNG,1,0,1
다졌/VV,1,0,1
리드/NNG,5,1,4
니어재단/NNG,1,0,1
기술력/NNG,6,2,4
됐으며/VV,9,4,5
호환/NNG,12,7,5
고안/NNG,8,5,3
체인지/NNG,6,2,4
트리/NNG,21,15,6
넷/NNG,26,13,13
런칭/NNG,2,1,1
기업/NNG;불확실성/NNG,1,0,1
비용/NNG;줄/VV,1,0,1
피해/NNG;줄/VV,3,1,2
생존/NNG,7,4,3
반복/NNG,21,10,11
건축학/NNG,1,0,1
발맞춰/VV,3,0,3
적정/NNG,13,6,7
마크/NNG,16,12,4
조직/NNG,58,32,26
접어들/VV,13,5,8
역시/NNG,1,0,1
조화/NNG,3,1,2
기업형/NNG,6,1,5
고자/NNG,4,1,3
장부/NNG,10,5,5
의사결정/NNG,10,2,8
갖춰져야/VV,2,1,1
독립/NNG,25,17,8
미칠지/VV,5,3,2
헤/VV,3,2,1
갖춰져/VV,2,0,2
다이/NNG,7,4,3
해산/NNG,2,1,1
느리/VA,10,7,3
확연히/MAG,3,2,1
적절/NNG,18,12,6
합쳐져야/VV,1,0,1
고를/VV,1,0,1
메커니즘/NNG,14,7,7
물러서/VV,2,0,2
분별/NNG,2,0,2
옮겨심기/NNG,1,0,1
모범/NNG,3,0,3
누락/NNG,2,1,1
상자/NNG,6,5,1
인지/NNG,13,4,9
유연/NNG,5,3,2
대출/NNG;한도/NNG;최대/NNG,1,1,0
공급/NNG;확대/NNG,1,1,0
공급/NNG;축소/NNG,1,1,0
수익/NNG;증대/NNG,1,1,0
판매/NNG;많/VA,1,1,0
실적/NNG;좋/VA,1,1,0
치명/NNG,6,5,1
오류/NNG,28,16,12
선언/NNG,18,14,4
파이낸스/NNG,45,30,15
풀/NNG,58,38,20
운/VV,8,5,3
안정화/NNG,14,10,4
분할/NNG,6,4,2
과다/NNG,5,3,2
합병/NNG,12,1,11
농사/NNG,33,15,18
개당/NNG,87,43,44
몸살/NNG,1,1,0
달군/VV,2,2,0
고구마/NNG,1,1,0
차갑/VA,1,1,0
식/VV,12,8,4
버려졌/VV,1,1,0
우체국/NNG,2,2,0
관장/NNG,7,3,4
우정공사/NNG,1,1,0
우편/NNG,4,2,2
증발/NNG,8,6,2
으깨/VV,1,1,0
미디엄/NNG,3,3,0
블로그/NNG,37,27,10
유동성공급자/NNG,4,2,2
쥐/VV,7,4,3
단기/NNG,77,40,37
탄력/NNG,5,3,2
스케줄/NNG,3,3,0
간격/NNG,3,1,2
리/NNG,9,6,3
버그/NNG,21,13,8
수익창출/NNG,3,2,1
마비/NNG,8,5,3
영/NNG,12,4,8
연/NNG,17,7,10
분분/NNG,6,4,2
비범/NNG,1,1,0
에민/NNG,3,2,1
성취/NNG,1,1,0
순전히/MAG,1,1,0
투기성/NNG,7,5,2
욜로/NNG,1,1,0
건당/NNG,7,6,1
경신/NNG,52,29,23
채굴장비/NNG,4,1,3
치였/VV,3,2,1
유한/VA,25,19,6
기한/NNG,19,9,10
맡긴/VV,4,3,1
관할/NNG,4,2,2
대항마/NNG,2,1,1
모금/NNG,20,16,4
도의/NNG,3,3,0
게이트/NNG,5,5,0
치아/NNG,4,4,0
개체/NNG,2,2,0
토르/NNG,6,6,0
출구/NNG,2,2,0
훔치/VV,1,1,0
픽/NNG,5,2,3
쓰인다/VV,6,3,3
지나가/VV,4,3,1
트래픽/NNG,13,4,9
연관/NNG,15,9,6
무역장벽/NNG,1,1,0
한과/NNG,1,1,0
마찰/NNG,5,2,3
음지/NNG,1,1,0
이루어진다/VV,6,4,2
행진/NNG,1,1,0
애플리케이션/NNG,47,25,22
열기/NNG,8,3,5
듄/NNG,1,1,0
총거래량/NNG,2,1,1
쳤/VV,3,2,1
앞질렀/VV,4,4,0
개수/NNG,9,3,6
현물/NNG,48,27,21
곱한/VV,2,2,0
순위/NNG,21,10,11
매길/VV,3,3,0
근무/NNG,10,7,3
근거/NNG,21,9,12
소문/NNG,22,14,8
팽배/NNG,2,2,0
재현/NNG,3,3,0
오엘/NNG,1,1,0
트윗/NNG,34,23,11
공모/NNG,13,8,5
우드/NNG,5,3,2
좀처럼/MAG,3,3,0
잇단/VV,2,2,0
혼잡/NNG,3,1,2
과부하/NNG,3,2,1
걸려/VV,3,2,1
본지/NNG,2,2,0
다운/NNG,8,6,2
불편/NNG,12,8,4
끼쳐/VV,1,1,0
죄송/NNG,3,3,0
미룬다/VV,1,1,0
마무리/NNG,15,9,6
실로/MAG,1,1,0
대체로/MAG,13,5,8
근래/NNG,1,1,0
시장점유율/NNG,8,8,0
빼앗/VV,2,2,0
오려/VV,1,1,0
이기/VV,5,4,1
클래식/NNG,17,9,8
동기화/NNG,2,2,0
플라이/NNG,13,11,2
자연/NNG,11,6,5
획기/NNG,5,4,1
학생/NNG,3,2,1
활성/NNG,2,2,0
붐/NNG,12,8,4
아이오/NNG,6,6,0
성공리/NNG,1,1,0
일례/NNG,7,4,3
진행하/VV,10,8,2
선례/NNG,5,3,2
이러/VV,8,4,4
겨냥/NNG,9,6,3
갈아타/VV,2,1,1
포부/NNG,5,2,3
선망/NNG,1,1,0
예비/NNG,7,6,1
인큐베이터/NNG,2,2,0
언젠간/MAG,2,1,1
거둘/VV,4,1,3
스핀/NNG,2,2,0
모함/NNG,1,1,0
수익모델/NNG,6,3,3
발행기업/NNG,2,2,0
조절/NNG,5,5,0
그랬/VV,5,3,2
연달/VV,5,2,3
일어난다/VV,4,3,1
폴리엔/NNG,1,1,0
토키/NNG,6,4,2
역량/NNG,20,14,6
별로/MAG,7,5,2
낫/VV,3,2,1
쏠림/NNG,1,1,0
야기/NNG,12,6,6
완결/NNG,5,4,1
취하/NNG,10,7,3
유용성/NNG,2,2,0
곡괭이/NNG,1,1,0
삽/NNG,1,1,0
다이너마이트/NNG,1,1,0
파/VV,11,6,5
초창기/NNG,16,14,2
몰두/NNG,1,1,0
기업가/NNG,5,5,0
생산/NNG;중단/NNG,1,1,0
폭우/NNG,5,3,2
홍수/NNG,3,2,1
레이트/NNG,61,42,19
씩/MAG,5,2,3
터/NNG,10,4,6
방류/NNG,1,1,0
정전/NNG,11,11,0
끊겼/VV,1,1,0
채굴장/NNG,40,37,3
끊/VV,13,4,9
바뀔지/VV,1,1,0
채권/NNG;거래/NNG;늘/VV,1,0,1
걸림돌/NNG;아니/VCN,2,0,2
투자/NNG;위험/NNG,3,2,1
위험/NNG;우려/NNG,1,0,1
유고/NNG,2,0,2
낙관/NNG,21,10,11
징표/NNG,1,0,1
경향/NNG,24,12,12
검/VA,3,1,2
곤두박질쳤/VV,2,1,1
오케이/NNG,9,3,6
상장폐지/NNG,52,33,19
잇달/VV,6,3,3
하오/NNG,6,2,4
서둘/VV,10,7,3
대폭/MAG,11,3,8
인멸/NNG,1,0,1
진술/NNG,3,1,2
회유/NNG,1,0,1
레이스/NNG,4,2,2
케일/NNG,1,0,1
트러스트/NNG,6,2,4
예금자/NNG,1,0,1
체이스/NNG,10,6,4
국채/NNG,40,16,24
부서/NNG,6,4,2
인과/NNG,4,2,2
이루어졌었/VV,1,0,1
위생/NNG,1,0,1
설/NNG,2,1,1
걸림돌/NNG,13,3,10
채권시장/NNG,3,0,3
가짓수/NNG,5,4,1
손길/NNG,1,0,1
꼭/MAG,10,7,3
견실/NNG,1,0,1
토대/NNG,26,12,14
표식/NNG,1,0,1
여럿/NNG,5,3,2
비영리단체/NNG,3,0,3
점할/VV,1,0,1
설득력/NNG,5,3,2
프라임/NNG,4,0,4
공급계약/NNG,1,0,1
젠/NNG,1,0,1
공개서한/NNG,7,3,4
촉구/NNG,14,9,5
홀로/MAG,8,4,4
한다며/VV,1,0,1
하룻밤/NNG,2,1,1
배우/VV,7,4,3
탐험/NNG,3,1,2
라/MAG,1,0,1
광역시/NNG,7,2,5
유일무이/NNG,1,0,1
금단/NNG,1,0,1
건드리/VV,5,4,1
뗄/VV,2,0,2
석상/NNG,2,1,1
단서/NNG,4,2,2
읽힌다/VV,2,1,1
해온/VV,4,2,2
통/VV,6,4,2
숨구멍/NNG,1,0,1
틔워준/VV,1,0,1
실사/NNG,9,3,6
건과/NNG,4,2,2
바우처/NNG,26,0,26
일대일로/NNG,3,2,1
증/NNG,5,2,3
쓴다는/VV,1,0,1
안팎/NNG,3,0,3
실물화폐/NNG,2,1,1
참여기업/NNG,3,0,3
쓰이/VV,13,9,4
쓰임/NNG,2,1,1
서면/NNG,4,0,4
건물/NNG,6,3,3
쪼개/VV,3,0,3
마치/MAG,14,7,7
운용/NNG,27,12,15
연소득/NNG,1,0,1
부재/NNG,7,2,5
흘러들/VV,1,0,1
치밀/NNG,1,0,1
끈질기/VA,3,2,1
협상력/NNG,1,0,1
항목/NNG,20,9,11
출한/NNG,24,16,8
거쳐야/VV,7,3,4
반발/NNG,14,8,6
시험대/NNG,3,2,1
공공/NNG,21,6,15
순차/NNG,6,4,2
투어/NNG,4,1,3
폐회로/NNG,1,0,1
경찰/NNG,24,20,4
소방서/NNG,1,0,1
비피/NNG,1,0,1
앤/NNG,39,23,16
테크노파크/NNG,1,0,1
고등어/NNG,1,0,1
아귀/NNG,1,0,1
수산물/NNG,1,0,1
양륙/NNG,1,0,1
바깥/NNG,7,5,2
문호/NNG,1,0,1
케이에스/NNG,6,3,3
지역상/NNG,1,0,1
생형/NNG,1,0,1
체험/NNG,6,1,5
시민증/NNG,2,1,1
시청/NNG,8,4,4
문증/NNG,3,1,2
다자녀/NNG,1,0,1
사랑/NNG,9,2,7
산서/NNG,1,0,1
경찰청/NNG,18,9,9
박람회/NNG,9,3,6
해운/NNG,1,0,1
열린다/VV,9,5,4
각국/NNG,44,22,22
이치/NNG,7,3,4
농협/NNG,6,4,2
토론자/NNG,3,0,3
윤/NNG,7,5,2
성관/NNG,1,0,1
인류/NNG,10,7,3
장칼/NNG,3,1,2
체아/NNG,1,0,1
디아/NNG,1,0,1
쩌/MAG,1,0,1
사이버/NNG,31,18,13
채팅/NNG,6,3,3
착취/NNG,16,2,14
번방/NNG,3,1,2
국토/NNG,8,1,7
지부장/NNG,7,0,7
아동/NNG,9,1,8
공조/NNG,6,1,5
실태/NNG,4,2,2
들려준다/VV,1,0,1
투자전략/NNG,4,1,3
기영/NNG,10,4,6
전수/NNG,1,0,1
대거/MAG,14,11,3
여가/NNG,1,0,1
연단/NNG,1,0,1
지냈/VV,2,1,1
좋아했/VV,2,1,1
써/VV,18,13,5
엔드/NNG,4,3,1
모자람/NNG,1,0,1
썼/VV,23,18,5
야심/NNG,3,0,3
차/VV,18,12,6
꿈/NNG,13,4,9
겨우/MAG,4,3,1
조기/NNG,2,1,1
종영/NNG,1,0,1
개성/NNG,1,0,1
시큰둥/NNG,1,0,1
띄/VV,15,7,8
고사/NNG,3,2,1
출연/NNG,12,7,5
본의/NNG,1,0,1
빈/VV,3,1,2
분류/NNG,33,15,18
감행/NNG,2,1,1
깔려/VV,1,0,1
반년/NNG,2,1,1
가까이/MAG,26,15,11
한없이/MAG,2,1,1
왕좌/NNG,3,2,1
들어왔/VV,7,5,2
연합체/NNG,5,1,4
통신부/NNG,17,9,8
공공선/NNG,1,0,1
독자/NNG,25,15,10
첫돌/NNG,3,0,3
막/NNG,11,6,5
화로/NNG,1,0,1
거리/NNG,38,25,13
물밀/VV,2,0,2
몰려오/VV,3,0,3
꼴/NNG,4,3,1
가져/VV,3,1,2
한마디/NNG,8,4,4
지낸/VV,7,5,2
정체성/NNG,2,1,1
오랜만/NNG,5,0,5
들뜨/VV,1,0,1
부디/MAG,1,0,1
잠든/VV,1,0,1
가격/NNG;하락/NNG;가속/NNG,1,1,0
경기/NNG;호황/NNG,2,2,0
수익성/NNG;높/VA,1,1,0
위험/NNG;없/VA,2,1,1
자산/NNG;늘/VV,1,1,0
테/NNG,43,31,12
방영/NNG,2,1,1
면밀히/MAG,8,5,3
진정/NNG,13,11,2
국면/NNG,6,3,3
무난히/MAG,1,1,0
치를/VV,2,1,1
대유행/NNG,8,4,4
심각히/MAG,1,1,0
역행/NNG,2,2,0
시간대/NNG,2,1,1
중계/NNG,7,3,4
선사/NNG,3,2,1
감동/NNG,1,1,0
드립니다/VV,3,2,1
아무쪼록/MAG,1,1,0
댁/MAG,1,1,0
평안/NNG,1,1,0
기원/NNG,1,1,0
대출기업/NNG,1,1,0
선수/NNG,16,10,6
인력/NNG,17,9,8
충원/NNG,5,5,0
자산운용/NNG,17,11,6
스타/NNG,8,5,3
커플/NNG,1,1,0
자취/NNG,3,2,1
감췄/VV,2,2,0
기하/VV,13,8,5
미인/NNG,1,1,0
리얼리티/NNG,3,3,0
남편/NNG,1,1,0
로브/NNG,1,1,0
부부/NNG,2,1,1
래퍼/NNG,8,5,3
이렇/VA,20,11,9
스테이트/NNG,1,1,0
사용자계정/NNG,2,1,1
카바/NNG,17,1,16
로스/NNG,2,1,1
사양/NNG,3,2,1
배치/NNG,6,3,3
투표자/NNG,1,1,0
선거/NNG,12,5,7
캐리/NNG,4,4,0
급감/NNG,8,8,0
스큐/NNG,20,6,14
동인/NNG,1,1,0
파일/VV,17,10,7
불화/NNG,1,1,0
시오스/NNG,2,2,0
촉망/NNG,1,1,0
정기/NNG,10,5,5
원만히/MAG,1,1,0
포춘/NNG,8,3,5
결과물/NNG,5,4,1
일깨워/VV,2,2,0
매달리/VV,1,1,0
즐기/VV,9,6,3
일침/NNG,1,1,0
냉소/NNG,1,1,0
잠정/NNG,2,1,1
기후/NNG,2,2,0
하드/NNG,12,1,11
드라이브/NNG,1,1,0
참여도/NNG,3,3,0
컨센서스/NNG,10,2,8
인권/NNG,2,1,1
우선시/NNG,2,2,0
적/NNG,3,2,1
향방/NNG,1,1,0
정작/NNG,3,1,2
딜레마/NNG,5,2,3
달러인덱스/NNG,4,1,3
오름/NNG,9,3,6
일드커브/NNG,11,11,0
도입계획/NNG,1,1,0
밝혀진/VV,2,2,0
약하/VA,10,7,3
여기/VV,13,7,6
렌/NNG,11,7,4
잠겨/VV,4,2,2
총량/NNG,3,3,0
돌파/NNG,80,48,32
껑충/MAG,1,1,0
무야/NNG,2,1,1
병목/NNG,1,1,0
천정부지/NNG,1,1,0
잡아먹/VV,1,1,0
하마/NNG,1,1,0
수위/NNG,1,1,0
다툰다/VV,1,1,0
모면/NNG,1,1,0
영원/NNG,6,3,3
위조/NNG,4,2,2
너무나/MAG,6,5,1
지루/NNG,2,1,1
품/VV,4,4,0
속성/NNG,3,2,1
정교/NNG,9,6,3
새/NNG,6,5,1
짓/VV,11,8,3
니나/NNG,10,10,0
이민자/NNG,1,1,0
령인/NNG,1,1,0
분/VV,8,6,2
히/NNG,16,8,8
돌아다니/VV,2,2,0
베이스캠프/NNG,1,1,0
물색/NNG,2,1,1
직업/NNG,17,2,15
피처/NNG,5,4,1
플랜/NNG,9,9,0
패스포트/NNG,5,5,0
마/NNG,1,1,0
니스/NNG,4,3,1
시티즌/NNG,3,3,0
영업점/NNG,4,3,1
무정부/NNG,4,4,0
의자/NNG,5,4,1
최상급/NNG,3,3,0
고기/NNG,4,2,2
원할/VV,6,6,0
땐/NNG,6,4,2
정육점/NNG,1,1,0
품질/NNG,1,1,0
과일/NNG,1,1,0
채소/NNG,1,1,0
청과류/NNG,1,1,0
간다/VV,2,1,1
줄곧/MAG,13,4,9
부자/NNG,51,25,26
이념/NNG,5,3,2
소유물/NNG,2,1,1
최상/NNG,6,5,1
구역/NNG,1,1,0
상담/NNG,20,11,9
호황/NNG,4,3,1
축적/NNG,17,8,9
호화/NNG,1,1,0
저택/NNG,1,1,0
다국적기업/NNG,1,1,0
안/VV,12,5,7
덜/VV,1,1,0
시티/NNG,7,3,4
학과/NNG,9,5,4
학/NNG,7,4,3
재직/NNG,11,7,4
연구/NNG,78,46,32
최상위/NNG,2,2,0
정확/MAG,19,11,8
화상회의/NNG,3,1,2
영구/NNG,4,3,1
용어/NNG,20,17,3
각기/MAG,7,5,2
채/VV,1,1,0
져야/VV,1,1,0
머무르/VV,30,15,15
살아간다/VV,1,1,0
거/NNG,3,2,1
허울/NNG,2,2,0
기꺼이/MAG,4,2,2
느/VV,4,3,1
조언/NNG,15,4,11
깃발/NNG,12,11,1
심/VV,15,5,10
접근방법/NNG,7,5,2
지지자/NNG,15,12,3
옮길/VV,11,10,1
택한다/VV,2,2,0
케이/NNG,14,7,7
담가/VV,1,1,0
책임지/VV,2,1,1
뿌리/NNG,3,3,0
머니/NNG,17,15,2
불렀/VV,5,4,1
금/VV,15,13,2
차용/NNG,4,4,0
베스트셀러/NNG,1,1,0
저자/NNG,12,4,8
피난처/NNG,6,6,0
흔히/MAG,11,7,4
피난/NNG,1,1,0
처란/NNG,1,1,0
파/NNG,4,4,0
호라이즌/NNG,3,2,1
허점/NNG,4,2,2
바로잡/VV,4,4,0
간극/NNG,4,2,2
좁히/VV,3,2,1
남반구/NNG,1,1,0
가난/NNG,3,3,0
부유/NNG,3,1,2
이민/NNG,2,2,0
단순화/NNG,2,2,0
만듦으로써/VV,2,1,1
고액자산가/NNG,6,3,3
벌어들인/VV,4,3,1
정해져/VV,10,5,5
벌이/VV,5,3,2
좋아하/VV,7,7,0
돌아봤/VV,1,1,0
일생/NNG,1,1,0
든다/VV,9,5,4
최대한/NNG,6,3,3
반정부/NNG,5,5,0
온라인시스템/NNG,2,2,0
신념/NNG,4,3,1
로저/NNG,1,1,0
가라/VV,1,1,0
교도소/NNG,2,1,1
수감/NNG,1,1,0
폭발물/NNG,1,1,0
떠나왔/VV,1,1,0
말소/NNG,2,2,0
섬나라/NNG,1,1,0
이웃/NNG,2,2,0
열대/NNG,1,1,0
낙원/NNG,1,1,0
두드리/VV,2,1,1
냈었/VV,1,1,0
적어도/MAG,16,9,7
에이전시/NNG,1,1,0
떠올리/VV,4,3,1
양심/NNG,4,2,2
불미/NNG,1,1,0
투자이민/NNG,1,1,0
상대/NNG,24,12,12
수익성/NNG,7,5,2
밸/VV,2,1,1
도운/VV,3,1,2
분사/NNG,2,2,0
그중/NNG,9,7,2
귀띔/NNG,1,1,0
상상/NNG,19,9,10
본래/NNG,5,4,1
저항/NNG,11,5,6
의적/NNG,5,3,2
증폭/NNG,7,5,2
더욱더/MAG,4,2,2
옮긴다면/VV,1,1,0
따가운/VA,1,1,0
자금출처/NNG,1,1,0
갖가지/NNG,1,1,0
급진/NNG,7,3,4
일일이/MAG,5,3,2
한다거나/VV,1,1,0
계산기/NNG,1,1,0
이곳저곳/NNG,1,1,0
누비/VV,1,1,0
바다/NNG,4,4,0
산맥/NNG,1,1,0
양부모/NNG,1,1,0
전기공/NNG,1,1,0
배관공/NNG,1,1,0
오래/NNG,2,2,0
농가/NNG,1,1,0
개조/NNG,1,1,0
꿈꾸/VV,6,2,4
자발/NNG,6,4,2
자급자족/NNG,1,1,0
목가/NNG,1,1,0
실용/NNG,3,2,1
수돗물/NNG,1,1,0
받아들인/VV,1,1,0
디지털노마드/NNG,1,1,0
대척점/NNG,2,1,1
필연/NNG,6,2,4
간섭/NNG,2,1,1
특정지역/NNG,4,2,2
자기/NNG,1,1,0
때론/MAG,1,1,0
정착/NNG,4,3,1
궁극/NNG,1,1,0
동반/NNG,6,4,2
금만/NNG,2,1,1
폭력/NNG,2,2,0
살아가/VV,8,5,3
일부분/NNG,6,4,2
침체/NNG;벗어나/VV;못하/VX,1,0,1
켜진/VV,1,0,1
홀려/VV,1,0,1
귀/NNG,3,2,1
뛰어드/VV,4,2,2
낭패/NNG,1,0,1
몰랐으니/VV,1,0,1
책임져라/VV,1,0,1
따지/VV,7,2,5
판매사/NNG,1,0,1
은행가/NNG,2,0,2
배임/NNG,2,0,2
미뤘/VV,1,0,1
지우/VV,1,0,1
전액/NNG,6,4,2
투자금액/NNG,4,2,2
찾아올/VV,4,1,3
두기/NNG,8,5,3
결혼식/NNG,2,0,2
축의금/NNG,2,0,2
봉투/NNG,1,0,1
금융투자/NNG,9,5,4
국책연구기관/NNG,6,0,6
강동/MAG,1,0,1
국조/NNG,4,1,3
포럼/NNG,18,11,7
실리/VV,4,3,1
자산/NNG;가격/NNG;높/VA,1,0,1
인플레이션/NNG;상승/NNG,1,0,1
인플레이션/NNG;우려/NNG,4,0,4
변동성/NNG;위험/NNG,3,0,3
롬/NNG,22,16,6
도이/NNG,4,3,1
기조연설/NNG,4,3,1
인플레이션/NNG,85,48,37
구매력/NNG,4,2,2
스택/NNG,10,6,4
딥/NNG,7,6,1
통화정책/NNG,14,6,8
택스/NNG,2,1,1
탈취/NNG,12,10,2
샷/NNG,1,0,1
게재/NNG,17,10,7
오타/NNG,1,0,1
스파/NNG,2,1,1
다스/NNG,16,5,11
단지/MAG,7,1,6
시사/NNG,21,13,8
옳/VA,5,3,2
전환율/NNG,1,0,1
베이/NNG,3,2,1
불가역/NNG,3,2,1
여개/NNG,12,5,7
어원/NNG,15,4,11
기재/NNG,3,0,3
밝혀졌/VV,8,6,2
워/NNG,15,8,7
경영/NNG,19,12,7
전직/NNG,7,5,2
푸/NNG,2,1,1
총책임자/NNG,1,0,1
푸/VV,1,0,1
챗/NNG,15,13,2
답변/NNG,21,16,5
선순위/NNG,1,0,1
조달액/NNG,1,0,1
더/NNG,79,33,46
고/VV,2,1,1
릴/NNG,13,4,9
퍼스트/NNG,4,3,1
다뤘/VV,5,3,2
치/NNG,1,0,1
종종/MAG,15,10,5
이브/NNG,11,4,7
햄/NNG,1,0,1
법학/NNG,5,2,3
겸임/NNG,2,0,2
타/NNG,4,1,3
경고/NNG,54,33,21
연상/NNG,2,0,2
불러온/VV,2,0,2
소지/NNG,4,2,2
길/NNG,34,17,17
멀/VA,36,20,16
홈/NNG,3,1,2
메트로폴리스/NNG,2,0,2
비잔티움/NNG,1,0,1
차근차근/MAG,2,1,1
지어야/VV,3,2,1
밟/VV,8,3,5
시작점/NNG,1,0,1
캐/VV,9,3,6
일정량/NNG,1,0,1
생겨난다/VV,3,1,2
과도기/NNG,1,0,1
비콘/NNG,13,6,7
다리/NNG,7,5,2
샤/NNG,9,0,9
딩/NNG,9,3,6
데이터베이스관리시스템/NNG,1,0,1
쌓/VV,16,11,5
무작위/NNG,1,0,1
다발/NNG,4,2,2
벌써/MAG,5,3,2
레/NNG,19,10,9
들어서/VV,9,8,1
합쳐/VV,8,3,5
아우르/VV,3,1,2
솔리/NNG,1,0,1
로만/NNG,2,1,1
자바스크립트/NNG,1,0,1
약관/NNG,12,3,9
꿈꿨/VV,1,0,1
드디어/MAG,10,6,4
현실화/NNG,3,1,2
목전/NNG,1,0,1
여정/NNG,3,2,1
다듬/VV,1,0,1
탈린/NNG,1,0,1
산적/NNG,1,0,1
어소/NNG,2,1,1
진정한/VA,3,2,1
드러낼/VV,1,0,1
도약/NNG,6,3,3
꾸려간다는/VV,2,0,2
빅/NNG,7,1,6
픽처/NNG,1,0,1
남구/NNG,1,0,1
도심/NNG,1,0,1
중심지/NNG,1,0,1
도심형/NNG,1,0,1
산림/NNG,1,0,1
복지/NNG,7,3,4
관광객/NNG,8,1,7
복음/NNG,2,0,2
산병/NNG,1,0,1
모아/NNG,2,0,2
상생/NNG,5,1,4
진료/NNG,1,0,1
숙박업소/NNG,5,1,4
귀국/NNG,1,0,1
눈여겨/VV,5,2,3
들렸/VV,2,1,1
어색/NNG,2,1,1
임진/NNG,1,0,1
의약/NNG,1,0,1
계장/NNG,5,0,5
소상공인/NNG,13,8,5
고루/MAG,3,2,1
퍼뜨릴/VV,1,0,1
예산/NNG,6,1,5
들여/VV,3,1,2
편중/NNG,3,0,3
돌/VV,11,5,6
포용/NNG,11,5,6
암/NNG,3,2,1
중증/NNG,2,1,1
치료비/NNG,1,0,1
넘나들/VV,3,2,1
들어온다/VV,3,1,2
사용률/NNG,2,1,1
환자/NNG,11,0,11
마땅/NNG,6,2,4
돈뭉치/NNG,1,0,1
불안/NNG,22,15,7
뭉칫돈/NNG,1,0,1
관광지/NNG,1,0,1
매개/NNG,6,3,3
외국인/NNG,16,9,7
등록증/NNG,3,1,2
무기명/NNG,1,0,1
청해/NNG,1,0,1
의료비/NNG,2,0,2
진료비/NNG,1,0,1
수술비/NNG,1,0,1
캐쉬백/NNG,3,0,3
챙기/VV,2,1,1
만원/NNG,9,2,7
지출/NNG,9,2,7
마친/VV,11,5,6
음식점/NNG,1,0,1
쓴다면/VV,2,1,1
공헌/NNG,1,0,1
일석이조/NNG,2,0,2
위성/NNG,1,0,1
항법/NNG,1,0,1
할인권/NNG,1,0,1
가예산/NNG,2,1,1
투입/NNG,21,7,14
도맡/VV,2,0,2
협동조합/NNG,4,1,3
국어/NNG,3,1,2
인재/NNG,9,6,3
등용/NNG,1,0,1
상담센터/NNG,2,0,2
들어간다는/VV,2,0,2
끊기/VV,1,0,1
생명력/NNG,3,2,1
끊긴다/VV,1,0,1
절감/NNG,10,5,5
떼/VV,6,4,2
기대/NNG;반영/NNG;상승/NNG,1,1,0
성장/NNG;전망/NNG;상향/NNG,1,1,0
금/NNG;가격/NNG;떨어/VV,1,1,0
국민소득/NNG;감소/NNG,1,1,0
기대/NNG;증가/NNG,1,1,0
비용/NNG;감소/NNG,2,1,1
비용/NNG;급증/NNG,1,1,0
매출/NNG;증가/NNG,1,1,0
정책/NNG;자신/NNG,1,1,0
전망/NNG;최대/NNG,1,1,0
생산/NNG;감소/NNG,1,1,0
전망/NNG;오르/VV,1,1,0
길/VA;상승/NNG,1,1,0
선물/NNG,69,49,20
종전/NNG,3,2,1
만기일/NNG,2,2,0
현물시장/NNG,4,1,3
지수가격/NNG,1,1,0
시카고상업거래소/NNG,5,4,1
네이멍구/NNG,12,10,2
더이상/MAG,23,11,12
자치구/NNG,9,5,4
현장조사/NNG,1,1,0
밝혀냈/VV,1,1,0
국영/NNG,10,8,2
킬로와트/NNG,2,2,0
시당/NNG,2,1,1
체이/NNG,39,16,23
널러/VA,1,1,0
펴낸/VV,4,2,2
가해/VV,3,3,0
소매거래/NNG,1,1,0
토/NNG,6,1,5
무용지물/NNG,1,1,0
패리티/NNG,1,1,0
상기/NNG,4,3,1
약점/NNG,5,2,3
윙클/NNG,17,16,1
발병/NNG,1,1,0
취하/VV,15,8,7
선원/NNG,2,1,1
써댔/VV,1,1,0
감/NNG,4,1,3
피/VV,19,14,5
바나나/NNG,1,1,0
공화국/NNG,2,2,0
단타/NNG,5,2,3
소행/NNG,3,3,0
징조/NNG,1,1,0
비활성/NNG,1,1,0
궤/NNG,5,4,1
헬러/NNG,1,1,0
천리안/NNG,1,1,0
다다랐/VV,2,1,1
그리드/NNG,1,1,0
부사장/NNG,33,26,7
따라서/VV,11,8,3
밤/NNG,16,10,6
공포/NNG,20,13,7
회복/NNG,66,39,27
완화정책/NNG,2,1,1
날지/VV,1,1,0
와사비/NNG,4,4,0
조인/VV,3,3,0
와비/NNG,1,1,0
사비/NNG,1,1,0
와사/NNG,1,1,0
비월/NNG,1,1,0
조인/NNG,3,3,0
조정자/NNG,1,1,0
편입/NNG,23,17,6
서클/NNG,15,13,2
창시/NNG,1,1,0
시브/NNG,2,2,0
릭/NNG,17,7,10
되찾/VV,6,5,1
기고문/NNG,1,1,0
십일조/NNG,1,1,0
성장률/NNG,11,10,1
들뜬/VV,1,1,0
부리나케/MAG,1,1,0
타전/NNG,1,1,0
경이/NNG,1,1,0
돌변/NNG,1,1,0
긴장/NNG,4,4,0
초조/NNG,1,1,0
범상/NNG,1,1,0
근심/NNG,3,2,1
얼굴/NNG,6,5,1
애태우/VV,1,1,0
시나리오/NNG,18,9,9
비관/NNG,2,2,0
오이시디/NNG,2,2,0
그해/NNG,2,2,0
벌어진/VV,10,6,4
드물/VA,6,5,1
달력/NNG,1,1,0
자못/MAG,1,1,0
놀라움/NNG,1,1,0
더한다/VV,1,1,0
엄습/NNG,1,1,0
엄중/NNG,4,2,2
그런대로/MAG,1,1,0
기껏해야/MAG,1,1,0
줄어든다는/VV,2,2,0
총예산/NNG,1,1,0
국민소득/NNG,1,1,0
하위/NNG,7,5,2
감/VV,4,3,1
지나간/VV,1,1,0
계층/NNG,5,3,2
상처/NNG,1,1,0
추락/NNG,11,7,4
불길/NNG,1,1,0
휘청거리/VV,1,1,0
예기/NNG,1,1,0
혹독/NNG,2,2,0
광경/NNG,1,1,0
상충/NNG,2,2,0
진퇴양난/NNG,1,1,0
궁지/NNG,2,2,0
볼모/NNG,1,1,0
거시/NNG,9,3,6
계절조정/NNG,1,1,0
조업/NNG,6,4,2
수축/NNG,1,1,0
번지/VV,2,2,0
파급경로/NNG,1,1,0
고한다/VV,1,1,0
궤도/NNG,2,2,0
미조정/NNG,1,1,0
물경/MAG,2,1,1
와중/NNG,3,3,0
발작/NNG,1,1,0
토끼/VV,2,2,0
문재/NNG,1,1,0
곤경/NNG,3,1,2
조준/NNG,1,1,0
희생/NNG,5,4,1
뿌리박혀/VV,1,1,0
신진대사/NNG,1,1,0
덮쳐/VV,1,1,0
고장/NNG,2,1,1
생/NNG,3,3,0
일자리/NNG,5,4,1
재생산/NNG,1,1,0
파열/NNG,1,1,0
돌이키/VV,2,2,0
축/NNG,2,2,0
도처/NNG,1,1,0
출몰/NNG,1,1,0
급변/NNG,5,2,3
일으키/VV,10,5,5
유익/NNG,1,1,0
오염/NNG,2,2,0
쓰레기/NNG,1,1,0
역병/NNG,1,1,0
다룬다/VV,2,1,1
사상가/NNG,1,1,0
우화/NNG,1,1,0
사슴/NNG,5,5,0
사냥/NNG,7,7,0
합쳐야/VV,1,1,0
길목/NNG,1,1,0
지나간다/VV,1,1,0
배반/NNG,1,1,0
우월/NNG,3,3,0
균형/NNG,7,3,4
고뇌/NNG,1,1,0
결단/NNG,2,1,1
비장/NNG,2,1,1
대책/NNG,16,15,1
관건/NNG,5,3,2
묘약/NNG,1,1,0
까닭/NNG,2,1,1
틀림없/VA,1,1,0
불능/NNG,1,1,0
일시적/VAX;하락/NNG,2,2,0
행렬/NNG,4,4,0
기고/NNG,9,7,2
나타낸다고/VV,2,1,1
위인/NNG,10,5,5
위시/NNG,1,1,0
상승장/NNG,40,20,20
살펴야/VV,5,2,3
추/VA,2,1,1
매도량/NNG,1,1,0
일시적/VAX,26,12,14
지수/NNG,74,25,49
홀딩/NNG,2,2,0
시거/NNG,2,2,0
파일럿/NNG,8,6,2
기초/NNG,5,1,4
구조적/VAX,7,4,3
실행계획/NNG,1,1,0
환경변화/NNG,1,1,0
청서/NNG,1,1,0
조달청/NNG,2,1,1
총액/NNG,9,4,5
입찰/NNG,9,5,4
우려/NNG;높/VA,2,0,2
위험/NNG;높/VA,7,5,2
신고가/NNG,16,10,6
곳/MAG,2,0,2
지능/NNG,4,2,2
수사대/NNG,5,4,1
한데/NNG,1,0,1
책정/NNG,10,4,6
기업가치/NNG,6,4,2
연구진/NNG,2,0,2
됐으나/VV,1,0,1
나갔/VV,6,4,2
파토/NNG,1,0,1
안성/NNG,8,3,5
사업영역/NNG,3,2,1
성업/NNG,1,0,1
실형/NNG,1,0,1
팍스/NNG,33,17,16
면해/VV,1,0,1
에이치/NNG,12,11,1
닥/NNG,34,17,17
희소식/NNG,3,1,2
전용/NNG,12,5,7
벌집/NNG,8,1,7
불허/NNG,3,1,2
완강/NNG,1,0,1
상관없이/MAG,9,5,4
본문/NNG,8,0,8
문건/NNG,9,4,5
걸어와/VV,1,0,1
강력히/MAG,3,1,2
부인/NNG,12,9,3
뒤늦/VA,7,3,4
어/NNG,2,0,2
정정/NNG,1,0,1
혼선/NNG,2,1,1
드리/VV,8,3,5
사과드립니다/VV,2,1,1
안정성/NNG;개선/NNG,2,1,1
가동/NNG;중단/NNG,2,1,1
트레이드/NNG,8,4,4
로빈/NNG,22,14,8
후드/NNG,19,12,7
재택근무/NNG,8,2,6
젊/VA,7,5,2
할애/NNG,1,0,1
멈춘다는/VV,1,0,1
정지/NNG,24,5,19
현저/NNG,1,0,1
저하/NNG,4,2,2
기승/NNG,3,2,1
부리/VV,2,1,1
교훈/NNG,9,6,3
재발/NNG,3,1,2
마스터/NNG,4,1,3
게이트웨이/NNG,8,3,5
여분/NNG,5,0,5
로드/NNG,1,0,1
밸/NNG,3,1,2
서/NNG,9,7,2
결함/NNG,4,1,3
트라이/NNG,6,0,6
엔지니어/NNG,11,8,3
정규/NNG,1,0,1
예방/NNG,20,10,10
박차/NNG,5,0,5
용량/NNG,5,2,3
불식/NNG,5,1,4
에러/NNG,1,0,1
이상거래/NNG,9,4,5
폭증/NNG,11,3,8
루츠/NNG,1,0,1
멀티/NNG,12,8,4
자인/NNG,2,0,2
갑작/VA,2,1,1
극도/NNG,3,2,1
사용량/NNG,15,12,3
서킷브레이커/NNG,2,0,2
정밀/NNG,1,0,1
부품/NNG,12,0,12
리스/NNG,3,1,2
원자로/NNG,4,0,4
설계도/NNG,2,0,2
변조/NNG,7,1,6
성질/NNG,4,1,3
가드/NNG,4,1,3
사이버테러/NNG,1,0,1
우라늄/NNG,1,0,1
연료/NNG,12,6,6
핵폐기물/NNG,1,0,1
최우선/NNG,6,2,4
법조/NNG,3,1,2
떠들썩/NNG,2,1,1
노후/NNG,1,0,1
편법/NNG,1,0,1
부각/NNG,6,2,4
신설/NNG,6,5,1
확/NNG,5,2,3
이해관계자/NNG,6,4,2
철강/NNG,2,1,1
든지/VV,3,1,2
호기/NNG,1,0,1
엠/NNG,10,7,3
원자력발전/NNG,1,0,1
바르/VV,1,0,1
불변성/NNG,2,1,1
기쁘/VA,6,3,3
해체/NNG,1,0,1
나중/NNG,7,5,2
암시장/NNG,2,1,1
핵무기/NNG,1,0,1
기르/VV,1,0,1
자산/NNG;가격/NNG;물가/NNG;상승/NNG,1,0,1
돈/NNG;벌/VV;어렵/VA,1,0,1
유동성/NNG;확대/NNG,2,0,2
경기/NNG;부양/NNG,4,0,4
유동성/NNG;작/VA,2,0,2
부작용/NNG;줄/VV,1,0,1
띌까/VV,1,0,1
간접투자상품/NNG,2,0,2
식형/NNG,1,0,1
부동산사모펀드/NNG,1,0,1
공모펀드/NNG,2,0,2
위탁/NNG,5,4,1
네트웍스/NNG,7,1,6
브릭/NNG,6,5,1
가칭/NNG,1,0,1
증서/NNG,14,5,9
사고파/VV,6,3,3
중도환매/NNG,1,0,1
불어넣/VV,2,1,1
중식/NNG,6,1,5
매칭/NNG,3,2,1
수익증권/NNG,6,3,3
충돌/NNG,6,2,4
효력/NNG,8,7,1
무력화/NNG,5,2,3
프리/NNG,12,9,3
미술품/NNG,6,4,2
골동품/NNG,1,0,1
부양/NNG,5,0,5
몰린다/VV,2,0,2
해소/NNG,21,11,10
드러난/VV,1,0,1
채널/NNG,23,16,7
픽쳐/NNG,1,0,1
명칭/NNG,9,7,2
거대기업/NNG,1,0,1
네트워크효과/NNG,10,7,3
능력/NNG,27,17,10
지식/NNG,8,4,4
리듬/NNG,2,1,1
시장조사업체/NNG,1,0,1
스트래티지/NNG,2,0,2
저항선/NNG,13,6,7
잠잠/NNG,2,0,2
굴/NNG,23,20,3
다량/NNG,5,3,2
급했/VA,1,0,1
숨/NNG,6,4,2
가쁘/VA,1,0,1
춤/NNG,7,4,3
꼽힌다/VV,7,5,2
입안자/NNG,5,1,4
루프/NNG,22,10,12
사설/NNG,3,1,2
공인/NNG,14,4,10
고객가치/NNG,1,0,1
토털/NNG,1,0,1
탁행/NNG,3,0,3
자산/NNG;가격/NNG;급락/NNG,1,0,1
가격/NNG;변동성/NNG;작/VA,1,0,1
높/VA;수익률/NNG;높/VA,1,0,1
투자/NNG;걸림돌/NNG,1,0,1
고점/NNG;저점/NNG,3,1,2
변동성/NNG;피하/VV,2,1,1
투자/NNG;촉진/NNG,1,0,1
불확실성/NNG;크/VV,2,1,1
위험/NNG;피하/VV,2,1,1
변동성/NNG;높/VA,4,3,1
변동성/NNG;낮/VA,3,1,2
유동성/NNG;늘/VV,1,0,1
많/VA;위험/NNG,4,2,2
손실/NNG;막/VV,2,1,1
좋/VA;악재/NNG,2,0,2
전국/NNG,27,16,11
션/NNG,17,12,5
스마트시티/NNG,1,0,1
도해/NNG,3,2,1
유기/NNG,3,1,2
발휘/NNG,7,5,2
도서관/NNG,4,3,1
회원증/NNG,1,0,1
출입증/NNG,2,1,1
공공시설/NNG,1,0,1
대중교통/NNG,3,2,1
기부금/NNG,5,3,2
발굴/NNG,13,6,7
양성/NNG,4,1,3
정서/NNG,2,1,1
새삼/MAG,2,1,1
묘사/NNG,2,0,2
혼란/NNG,17,9,8
그려지/VV,1,0,1
남용/NNG,3,1,2
특별/NNG,28,13,15
뉘앙스/NNG,1,0,1
지닌다/VV,6,4,2
관계없/VA,2,0,2
표준편차/NNG,2,0,2
옵션가격/NNG,3,0,3
심리/NNG,28,15,13
실수/NNG,10,7,3
본능/NNG,2,0,2
어휘/NNG,1,0,1
짝/NNG,5,2,3
관해선/VV,1,0,1
충분히/MAG,19,11,8
만회/NNG,4,3,1
메울/VV,1,0,1
성숙/NNG,9,4,5
두려워하/VV,2,0,2
마음가짐/NNG,3,1,2
피해야/VV,3,0,3
십상/NNG,1,0,1
꺼린다/VV,1,0,1
엄연히/MAG,4,2,2
변동성지수/NNG,6,1,5
두려움/NNG,12,3,9
저지를/VV,2,1,1
본래/MAG,2,0,2
일어날지/VV,4,0,4
과소평가/NNG,4,3,1
관해서/VV,3,2,1
난다/VV,1,0,1
움직임/VV,7,3,4
절대/NNG,3,0,3
받아들인다/VV,1,0,1
파생상품시장/NNG,17,4,13
갖춰진/VV,1,0,1
분산투자/NNG,2,0,2
역상/NNG,1,0,1
관관/NNG,1,0,1
콩/NNG,1,0,1
연중무휴/NNG,2,0,2
쉼/NNG,3,1,2
열린다면/VV,1,0,1
닫힐/VV,1,0,1
공휴일/NNG,2,0,2
거래일/NNG,4,2,2
식이/NNG,3,0,3
닫히/VV,1,0,1
꺼리/VV,4,2,2
스프레드/NNG,1,0,1
일조/NNG,1,0,1
받아들여질/VV,2,1,1
적절히/MAG,3,2,1
묶/VV,3,1,2
가중치/NNG,2,0,2
돼선/VV,1,0,1
다변화/NNG,1,0,1
투자자산/NNG,14,6,8
불투명/NNG,9,5,4
림/NNG,11,1,10
하락장/NNG,16,5,11
기/VV,4,2,2
갈라섰/VV,1,0,1
대선/NNG,11,2,9
이겼/VV,2,1,1
위험자산/NNG,14,5,9
단기/NNG;가격/NNG;하락/NNG,1,0,1
변동성/NNG;높/VA;위험/NNG,1,0,1
높/VA;변동성/NNG;높/VA,1,0,1
견인/NNG,8,6,2
크롤/NNG,3,0,3
기술분석/NNG,2,0,2
펌/NNG,7,5,2
쿼드/NNG,2,0,2
리가/NNG,2,0,2
사망/NNG,3,1,2
소나/NNG,3,0,3
고소/NNG,10,8,2
인출/NNG,13,9,4
시지/NNG,1,0,1
후두/NNG,1,0,1
지속성/NNG,1,0,1
자금시장/NNG,1,0,1
좀비/NNG,1,0,1
뱅/MAG,7,3,4
크리스/NNG,3,1,2
배신/NNG,1,0,1
규정지/VV,1,0,1
일자/NNG,6,2,4
전부/MAG,13,9,4
죄/NNG,4,1,3
질/NNG,5,4,1
리더/NNG,4,2,2
버리/VV,3,1,2
바/NNG,4,2,2
어긋났/VV,1,0,1
사과/NNG,4,3,1
샘/NNG,7,4,3
이양/NNG,3,0,3
다중/NNG,10,3,7
쓰리/NNG,3,0,3
쑤/VV,1,0,1
장일/NNG,1,0,1
풋/NNG,3,2,1
콜옵션/NNG,11,6,5
풋옵션/NNG,17,8,9
마이너스/NNG,9,2,7
만기/NNG,44,24,20
플러스/NNG,6,4,2
포지션/NNG,21,9,12
버릴/VV,1,0,1
고심/NNG,4,3,1
쟁점/NNG,16,8,8
사들여/VV,3,2,1
하한가/NNG,1,0,1
여겨진다는/VV,1,0,1
시급/NNG,7,3,4
들/NNG,1,0,1
거쳐가/VV,1,0,1
마쳐야/VV,4,1,3
숙/VV,4,1,3
끼/VV,7,4,3
전자지갑/NNG,17,11,6
유한회사/NNG,7,3,4
현행법/NNG,7,3,4
소수/NNG,17,6,11
챙길/VV,1,0,1
여유/NNG,6,2,4
황/MAG,2,1,1
통일/NNG,3,1,2
해법/NNG,3,0,3
끼리/VV,1,0,1
공고/NNG,10,4,6
영/MAG,3,1,2
가압류/NNG,3,1,2
밀수/NNG,1,0,1
청부/NNG,2,0,2
살인/NNG,3,0,3
정우/NNG,1,0,1
체포/NNG,10,8,2
범죄자/NNG,10,2,8
반인륜/NNG,1,0,1
저질렀/VV,2,1,1
텀블러/NNG,1,0,1
긴밀/NNG,2,0,2
협조/NNG,5,3,2
끔찍/NNG,3,1,2
무역금융/NNG,2,0,2
사이버범죄/NNG,5,4,1
여명/NNG,7,4,3
특수/NNG,7,4,3
스위프트/NNG,7,3,4
전중/NNG,1,0,1
훤/NNG,1,0,1
실무그룹/NNG,8,2,6
도로/MAG,1,0,1
쯤/NNG,1,0,1
확립/NNG,3,1,2
어둡/VA,3,1,2
마구/MAG,2,1,1
트릭/NNG,1,0,1
템플/NNG,2,0,2
증권선물위원회/NNG,2,0,2
인허가/NNG,6,3,3
발신자/NNG,1,0,1
수신자/NNG,6,4,2
강구/NNG,2,1,1
위험/NNG;없/VA;않/VX,1,1,0
기업/NNG;성장/NNG,2,2,0
비용/NNG;낮/VA,2,1,1
들떠서/VV,1,1,0
유심히/MAG,2,1,1
이용률/NNG,3,2,1
빌/VV,6,5,1
명과/NNG,4,3,1
화상/NNG,4,3,1
금융인/NNG,2,2,0
꿈꾼다면/VV,2,2,0
포스트/NNG,10,4,6
소셜/NNG,8,6,2
가져야/VV,4,4,0
큰손/NNG,10,8,2
블랙/NNG,2,2,0
록과/NNG,2,2,0
이피/NNG,9,7,2
협의회/NNG,4,4,0
출범/NNG,24,20,4
공정경쟁/NNG,1,1,0
과열/NNG,19,14,5
평/NNG,1,1,0
터지/VV,17,8,9
지만/NNG,4,3,1
융합/NNG,6,3,3
컴플라이언스/NNG,7,2,5
자리매김/NNG,14,10,4
흐름/NNG,38,16,22
거칩니다/VV,1,1,0
사라집니다/VV,1,1,0
신/NNG,6,4,2
아이템/NNG,13,4,9
구인/NNG,3,3,0
구직/NNG,1,1,0
사람인/NNG,2,2,0
취업/NNG,5,2,3
채용/NNG,19,13,6
면접/NNG,5,5,0
수험생/NNG,1,1,0
출결/NNG,1,1,0
단과/NNG,1,1,0
넓힌다고/VV,1,1,0
타운/NNG,1,1,0
탑/NNG,4,1,3
치닫/VV,1,1,0
몰려가/VV,2,2,0
모험/NNG,3,1,2
중국시장/NNG,3,3,0
테마섹홀딩스/NNG,1,1,0
본부/NNG,4,3,1
상하이/NNG,2,2,0
본토/NNG,3,3,0
못지/VA,1,1,0
수탁업무/NNG,3,1,2
개발은행/NNG,1,1,0
험/NNG,23,14,9
의존도/NNG,3,3,0
금융중심지/NNG,2,1,1
균형추/NNG,1,1,0
옮겨갈/VV,2,1,1
승부/NNG,3,1,2
빌/VA,4,3,1
환경오염/NNG,5,4,1
경력/NNG,7,6,1
지도/NNG,8,5,3
멘토링/NNG,4,3,1
소통/NNG,6,2,4
톰/NNG,1,0,1
버트/NNG,2,0,2
경선/NNG,3,1,2
목표물/NNG,1,0,1
스트론튬/NNG,1,0,1
여/NNG,21,10,11
저먼/NNG,1,0,1
군/NNG,3,2,1
팬시/NNG,1,0,1
베어/NNG,1,0,1
지르코늄/NNG,1,0,1
부통령/NNG,1,0,1
운동원/NNG,1,0,1
퍼/VV,4,1,3
캠프/NNG,3,1,2
고발자/NNG,2,0,2
폭로/NNG,4,0,4
개입설/NNG,1,0,1
끼치/VV,7,2,5
자산/NNG;가격/NNG;급등/NNG,3,2,1
연체율/NNG;감소/NNG,1,1,0
초고속/NNG;성장/NNG,2,1,1
이자/NNG;유예/NNG,1,1,0
유예/NNG;종료/NNG,1,1,0
나쁘/VA;우려/NNG,1,1,0
높/VA;성장/NNG,2,1,1
플래시/NNG,25,9,16
송고/NNG,3,2,1
용의자/NNG,3,3,0
범인/NNG,3,2,1
회수/NNG,11,7,4
프로필/NNG,6,6,0
일치/NNG,14,9,5
자유무역지대/NNG,3,3,0
골/NNG,4,1,3
모자/NNG,2,2,0
파리/NNG,4,4,0
키/VV,1,1,0
극심한/VAX,5,5,0
타개/NNG,1,1,0
피의자/NNG,9,6,3
속여/VV,1,1,0
갈취/NNG,1,1,0
모은/VV,11,8,3
사치/NNG,1,1,0
낭비/NNG,10,6,4
일삼/VV,1,1,0
드러/VV,4,4,0
아가/NNG,1,1,0
스파크/NNG,3,2,1
측도/NNG,2,2,0
선두/NNG,5,2,3
탈환/NNG,4,2,2
복사/NNG,5,3,2
붙여/VV,1,1,0
후하/VA,1,1,0
조금/NNG,9,6,3
빨아들이/VV,2,2,0
뱀파이어/NNG,1,1,0
클론/NNG,1,1,0
맡겨진/VV,2,1,1
메/NNG,5,3,2
사리/NNG,7,2,5
키스/NNG,4,3,1
뼈/NNG,1,1,0
도박/NNG,21,7,14
거/VV,4,4,0
기업가정신/NNG,2,2,0
모순/NNG,4,1,3
최고가/NNG,56,35,21
약간/NNG,3,2,1
한지/NNG,1,1,0
오에/NNG,2,2,0
해결책/NNG,11,5,6
은지/NNG,1,1,0
현시대/NNG,1,1,0
바라볼/VV,2,2,0
영화관/NNG,1,1,0
지로/NNG,2,2,0
뉴노멀/NNG,3,2,1
뽑아낸/VV,2,1,1
이랬/VV,2,2,0
추세/NNG,22,15,7
격상/NNG,2,1,1
기점/NNG,5,4,1
고스란히/MAG,4,2,2
담겨/VV,2,2,0
건수/NNG,20,11,9
단연/MAG,3,3,0
관찰/NNG,9,8,1
동량/NNG,5,4,1
반해/VV,2,2,0
진흥공단/NNG,2,2,0
아이비/NNG,1,1,0
띈다/VV,7,4,3
목적지/NNG,5,5,0
견/NNG,4,3,1
도착지/NNG,1,1,0
설정/NNG,26,14,12
유독/MAG,3,2,1
종교/NNG,4,4,0
비해선/VV,2,1,1
집계/NNG,20,12,8
음식/NNG,2,2,0
배달/NNG,6,6,0
식생활/NNG,1,1,0
용품/NNG,1,1,0
수업/NNG,3,3,0
이용금액/NNG,4,3,1
금융업자/NNG,2,2,0
신용카드사/NNG,2,2,0
체크카드/NNG,7,4,3
용액/NNG,7,7,0
증가율/NNG,3,1,2
카드론/NNG,4,4,0
고신용자/NNG,4,4,0
다중채무/NNG,1,1,0
연체율/NNG,4,3,1
상환/NNG,13,10,3
일시/NNG,11,7,4
전업/NNG,1,1,0
가파르/VA,14,7,7
곡선/NNG,13,4,9
대중화/NNG,14,9,5
앞당기/VV,6,3,3
로켓/NNG,7,5,2
신기루/NNG,2,1,1
연쇄/NNG,6,5,1
초고속/NNG,2,1,1
적힐/VV,1,1,0
물러났/VV,1,1,0
구실/NNG,6,6,0
치중/NNG,1,1,0
갉아먹/VV,1,1,0
독차지/NNG,1,1,0
바꿔야/VV,1,1,0
갈까/VV,3,3,0
안들/NNG,1,1,0
질의응답/NNG,5,5,0
물론/NNG,5,5,0
가급적/VAX,3,2,1
유하/VA,5,4,1
사이클/NNG,15,7,8
추구/NNG,17,12,5
확언/NNG,2,1,1
늦/VV,6,3,3
상한/NNG,1,1,0
개/VV,4,2,2
험이/NNG,2,2,0
뮤/NNG,15,1,14
츄/MAG,1,1,0
대출/NNG;한도/NNG;축소/NNG;금리/NNG;인상/NNG,1,0,1
신용/NNG;대출/NNG;증가/NNG,2,1,1
신용/NNG;대출/NNG;급증/NNG,2,1,1
신용/NNG;대출/NNG;늘/VV,1,0,1
신용/NNG;대출/NNG;줄/VV,1,0,1
대출/NNG;막/VV,1,0,1
신용융자/NNG,8,0,8
용융/NNG,2,0,2
자액/NNG,3,0,3
다다른/VV,1,0,1
신용거래/NNG,1,0,1
융자/NNG,1,0,1
당분간/MAG,16,10,6
일시/MAG,1,0,1
신용공여/NNG,3,0,3
도달/NNG,20,10,10
빌린/VV,4,3,1
는데/VV,4,2,2
금융투자업/NNG,3,1,2
자기자본/NNG,2,0,2
기업금융/NNG,2,0,2
합계액/NNG,1,0,1
잔고/NNG,1,0,1
불어났/VV,2,1,1
조이/VV,1,0,1
나선다는/VV,1,0,1
사흘/NNG,2,1,1
청약/NNG,3,2,1
줄인다고/VV,1,0,1
용도/NNG,19,12,7
막차/NNG,1,0,1
여신/NNG,7,1,6
청한/VV,4,1,3
고소득/NNG,1,0,1
고신/NNG,2,1,1
한겨레/NNG,30,16,14
가격/NNG;하방/NNG;압력/NNG,2,0,2
활성화/NNG;효과/NNG,1,0,1
정치/NNG;확산/NNG,1,0,1
매출/NNG;증대/NNG,1,0,1
고용/NNG;증가/NNG,2,1,1
의구심/NNG;크/VV,1,0,1
시스템/NNG;높/VA,1,0,1
변동성/NNG;줄/VV,3,1,2
가격/NNG;높/VV,2,1,1
롱/NNG,8,7,1
반티/NNG,2,1,1
연맹/NNG,3,2,1
모방/NNG,4,2,2
절기/NNG,1,0,1
관리감독/NNG,9,3,6
적혀/VV,6,4,2
상승도/NNG,4,2,2
부추기/VV,10,4,6
실무자/NNG,2,1,1
추격/NNG,2,0,2
벰/NNG,2,0,2
파이어/NNG,2,0,2
불린다/VV,3,2,1
자립/NNG,1,0,1
확고/NNG,2,0,2
호해/NNG,1,0,1
쌍둥이/NNG,1,0,1
경쟁자/NNG,5,4,1
지켜본/VV,1,0,1
아마도/MAG,6,3,3
미결/NNG,22,5,17
약정/NNG,29,12,17
드가/VV,1,0,1
차별화/NNG,5,1,4
꾀했/VV,2,1,1
근처/NNG,7,3,4
저지선/NNG,2,0,2
뚫/VV,3,2,1
하방/NNG,12,5,7
멕/NNG,5,0,5
친근/NNG,1,0,1
다가갈/VV,1,0,1
킬트/NNG,3,0,3
인고/NNG,1,0,1
안다면/VV,1,0,1
생길지/VV,1,0,1
지평/NNG,2,1,1
연다는/VV,1,0,1
충당/NNG,7,3,4
기업윤리/NNG,1,0,1
가르친다/VV,1,0,1
신흥/NNG,2,1,1
글쓰기/NNG,1,0,1
수작/NNG,1,0,1
대항/NNG,3,0,3
찬성론/NNG,1,0,1
관소/NNG,2,0,2
사라져갈/VV,1,0,1
다분히/MAG,3,2,1
희망사항/NNG,2,0,2
거하/VV,2,0,2
일관/NNG,6,2,4
은닉처/NNG,1,0,1
박탈/NNG,1,0,1
극적/VAX,4,2,2
해질/VV,1,0,1
이룬다/VV,2,0,2
도/VV,6,3,3
빈틈없/VA,1,0,1
소아/NNG,1,0,1
명분/NNG,2,1,1
솎/VV,1,0,1
모멘텀/NNG,10,2,8
유도/NNG,17,8,9
점유율/NNG,9,6,3
환영/NNG,11,5,6
놀랄/VV,2,0,2
재산권/NNG,1,0,1
준다는/VV,2,1,1
일방적/VAX,10,4,6
계약서/NNG,6,1,5
수집/VA,1,0,1
다행히/MAG,6,1,5
검/NNG,3,2,1
증인/NNG,19,18,1
걸린다/VV,3,1,2
점진적/VAX,12,7,5
잉/NNG,1,0,1
험/VV,15,6,9
대두/NNG,5,2,3
안면/NNG,10,5,5
탄압/NNG,1,0,1
억장/NNG,1,0,1
부유층/NNG,2,0,2
이지/NNG,1,0,1
한계점/NNG,2,0,2
편적/NNG,7,5,2
오용/NNG,1,0,1
가계/NNG,21,8,13
각지/NNG,4,3,1
방해/NNG,5,1,4
조이/NNG,3,2,1
천재/NNG,2,1,1
아무리/MAG,7,3,4
똑똑/NNG,3,1,2
대형기업/NNG,1,0,1
흘러간다/VV,1,0,1
유권자/NNG,1,0,1
한하/VV,17,9,8
무해/NNG,1,0,1
저장고/NNG,1,0,1
정/MAG,12,6,6
신고서/NNG,16,8,8
하지/NNG,1,0,1
원서/NNG,3,2,1
모기지/NNG,4,2,2
갚/VV,5,4,1
사익/NNG,1,0,1
왜곡/NNG,4,2,2
정비/NNG,9,6,3
단편/NNG,1,0,1
맞춤/NNG,3,2,1
선진국/NNG,11,6,5
융통성/NNG,1,0,1
유한책임/NNG,1,0,1
터리/NNG,1,0,1
한한다/VV,2,1,1
권익/NNG,1,0,1
향상/NNG,9,2,7
역학/NNG,4,2,2
뒤집/VV,1,0,1
터무니없/VA,2,0,2
약물/NNG,3,1,2
투약/NNG,1,0,1
모델링/NNG,2,0,2
찾아낼/VV,3,1,2
선택지/NNG,7,3,4
수립/NNG,12,7,5
재생/NNG,2,0,2
예견/NNG,4,3,1
놓치/VV,7,3,4
깨달/VV,3,1,2
냉정히/MAG,1,0,1
불확실/NNG,9,6,3
정립/NNG,1,0,1
지사/NNG,18,3,15
맹비난/NNG,2,1,1
긍정/NNG,2,1,1
국책/NNG,1,0,1
광역/NNG,1,0,1
단체장/NNG,1,0,1
전선/NNG,1,0,1
조정회의/NNG,1,0,1
역경/NNG,1,0,1
효자/NNG,3,1,2
노릇/NNG,2,0,2
톡톡히/MAG,2,0,2
지방행정/NNG,4,0,4
당과/NNG,1,0,1
목상/NNG,3,0,3
현장/NNG,18,9,9
논평/NNG,4,1,3
고용위기지역/NNG,1,0,1
편파/NNG,1,0,1
국정/NNG,2,0,2
위배/NNG,6,3,3
경위/NNG,2,1,1
해명/NNG,7,6,1
야당/NNG,3,2,1
문책/NNG,5,0,5
몰/NNG,1,0,1
찍어누르/VV,1,0,1
언행/NNG,1,0,1
얼빠진/VV,2,0,2
단위/NNG,17,10,7
표기/NNG,8,2,6
상학/NNG,1,0,1
연구자/NNG,3,2,1
위축/NNG,7,5,2
수반/NNG,2,0,2
낫/VA,8,4,4
키운다고/VV,1,0,1
체감/NNG,3,0,3
유발/NNG,13,3,10
초래/NNG,10,3,7
역효과/NNG,2,0,2
비방/NNG,1,0,1
온당/NNG,1,0,1
폄훼/NNG,1,0,1
아깝/VA,1,0,1
혈/NNG,2,1,1
참으로/MAG,2,0,2
승수효과/NNG,1,0,1
배/VV,1,0,1
선순환/NNG,2,0,2
발행금액/NNG,1,0,1
파급효과/NNG,2,1,1
산업연관표/NNG,2,0,2
유발인/NNG,1,0,1
한계소비성향/NNG,1,0,1
가져온/VV,1,0,1
따졌/VV,1,0,1
추계/NNG,1,0,1
전수조사/NNG,4,2,2
동네/NNG,1,0,1
마트/NNG,2,1,1
식료품/NNG,2,1,1
소비자후생/NNG,1,0,1
인접/NNG,1,0,1
연쇄효과/NNG,2,1,1
중앙정부/NNG,4,2,2
온누리상품권/NNG,1,0,1
성장/NNG;잠재력/NNG;높/VA,1,0,1
자산/NNG;우려/NNG,1,0,1
우려/NNG;완화/NNG,1,0,1
성황리/NNG,2,0,2
포의/NNG,1,0,1
나눴/VV,3,2,1
감상/NNG,3,0,3
쏘/VV,2,1,1
미만/NNG,12,5,7
특화/NNG,5,2,3
통계/NNG,21,9,12
환/NNG,1,0,1
밑/NNG,9,5,4
전경련/NNG,2,0,2
회관/NNG,5,1,4
금융협회/NNG,4,2,2
축사/NNG,6,4,2
골자/NNG,7,2,5
잠재력/NNG,14,10,4
재평가/NNG,3,0,3
펼쳐질지/VV,1,0,1
멈추/VV,14,9,5
정무위원회/NNG,25,14,11
간사/NNG,2,1,1
이해관계/NNG,3,2,1
인호/NNG,1,0,1
붕/NNG,1,0,1
조진/VV,2,1,1
특임/NNG,2,1,1
승환/NNG,3,2,1
발표자/NNG,2,0,2
발행주체/NNG,8,5,3
분명/NNG,2,2,0
임부/NNG,1,1,0
의견서/NNG,11,5,6
명확성/NNG,2,1,1
클/NNG,4,2,2
어/VV,7,3,4
준비금/NNG,7,7,0
유의/NNG,11,8,3
열거/NNG,2,2,0
지법/NNG,3,1,2
애국자/NNG,1,1,0
확인서/NNG,6,4,2
의향/NNG,2,2,0
베이시스/NNG,5,5,0
전담/NNG,5,2,3
체파/NNG,1,1,0
허브/NNG,25,13,12
고리/NNG,5,3,2
무담/NNG,4,4,0
이안/NNG,4,3,1
플/NNG,14,8,6
그로스/NNG,2,2,0
수박/NNG,1,1,0
겉핥기/NNG,1,1,0
문항/NNG,3,2,1
당해/VV,3,3,0
연도/NNG,3,2,1
밝혀져/VV,1,1,0
승소/NNG,2,2,0
자성/NNG,1,1,0
순서/NNG,10,8,2
뷰어/NNG,1,1,0
위촉/NNG,2,1,1
공시/NNG,19,15,4
예람/NNG,1,1,0
절대로/MAG,2,1,1
아부/NNG,1,1,0
쨍쨍/MAG,1,1,0
저널리즘/NNG,3,3,0
비결/NNG,2,2,0
남점/NNG,1,1,0
던지/VV,7,3,4
설문조사/NNG,12,4,8
앙경/NNG,1,1,0
전문지/NNG,1,1,0
막론/NNG,1,1,0
언론사/NNG,5,4,1
우후죽순/NNG,1,1,0
상방/NNG,8,2,6
올라타/VV,4,3,1
의아/NNG,3,2,1
우물/NNG,1,1,0
꾸준/NNG,4,3,1
낳/VV,8,5,3
직결/NNG,4,4,0
싱겁/VA,1,1,0
교과서/NNG,1,1,0
랙/NNG,1,1,0
트랙/NNG,2,2,0
유능/NNG,3,3,0
이해도/NNG,1,1,0
뽑/VV,4,4,0
훈련/NNG,3,3,0
택했/VV,5,4,1
따라잡/VV,3,2,1
숙련/NNG,3,3,0
조직력/NNG,1,1,0
수익구조/NNG,2,2,0
해치/VV,3,3,0
무겁/VA,3,3,0
여야/NNG,9,9,0
부스/NNG,2,1,1
문의/NNG,8,4,4
쇄도/NNG,1,1,0
납득/NNG,2,2,0
회고/NNG,1,1,0
깔/VV,2,1,1
전폭/NNG,1,1,0
조각/NNG,4,3,1
신문사/NNG,3,3,0
사회부/NNG,1,1,0
탐사/NNG,4,3,1
산업부/NNG,1,1,0
오피니언/NNG,1,1,0
창간/NNG,4,4,0
위기감/NNG,3,2,1
두꺼운/VA,1,1,0
맞물린다는/VV,1,1,0
새로웠/VA,1,1,0
직감/NNG,1,1,0
시즌/NNG,8,7,1
템포/NNG,1,1,0
더해갈/VA,1,1,0
생깁니다/VV,1,1,0
맞춰져/VV,2,1,1
트랜스/NNG,2,2,0
포메이션/NNG,1,1,0
토크/NNG,2,2,0
잇닿/VV,1,1,0
급여/NNG,2,1,1
판다는/VV,3,1,2
판다/NNG,3,3,0
혁/NNG,2,2,0
신부/NNG,2,2,0
재할/NNG,1,1,0
협정/NNG,6,4,2
표준시/NNG,1,1,0
은닉/NNG,3,3,0
미션/NNG,4,4,0
일절/MAG,3,2,1
극명/NNG,1,1,0
나뉜다/VV,4,1,3
처사/NNG,2,2,0
부스트/NNG,2,1,1
뒤떨어진/VV,1,1,0
경시/NNG,1,1,0
맥신/NNG,1,1,0
중재협회/NNG,1,1,0
회부/NNG,2,1,1
빌려줄/VV,1,1,0
먹통/NNG,4,4,0
채담/NNG,3,3,0
청산/NNG,48,29,19
빈/NNG,1,1,0
룸/NNG,4,4,0
덩그러/VV,1,1,0
기다렸/VV,3,3,0
어느덧/MAG,3,2,1
헉헉거리/VV,1,1,0
붉/VA,3,2,1
연신/MAG,1,1,0
넌지시/MAG,1,1,0
위로/NNG,1,1,0
이것저것/NNG,1,1,0
펼쳐/VV,2,1,1
부렸/VV,1,1,0
문어발/NNG,2,2,0
수없이/MAG,4,4,0
명가/NNG,1,1,0
꼽히/VV,8,5,3
의식/NNG,6,6,0
곧이어/MAG,1,1,0
다단계/NNG,31,27,4
무턱대고/MAG,2,2,0
다짐/NNG,1,1,0
비대칭/NNG,2,1,1
떠도/VV,1,1,0
혹시/MAG,6,1,5
껍질/NNG,1,1,0
벗겨서/VV,1,1,0
사각형/NNG,3,1,2
모양/NNG,2,2,0
껄껄/MAG,1,1,0
퍼트린/VV,1,1,0
다녔/VV,1,1,0
진짜로/MAG,1,1,0
언어/NNG,6,5,1
독일어/NNG,1,1,0
붙인/VV,1,1,0
영어/NNG,5,5,0
거든/VV,1,1,0
어쩐지/MAG,1,1,0
뜬금없/VA,1,1,0
느껴진다/VV,2,2,0
섣불/VV,1,1,0
언뜻/MAG,3,3,0
별거/NNG,1,1,0
산파/NNG,1,1,0
손가락/NNG,1,1,0
마중물/NNG,1,1,0
뜸/NNG,2,2,0
뜯어고칠/VV,1,1,0
문어/NNG,1,1,0
발식/NNG,1,1,0
혀/NNG,1,1,0
두를/VV,1,1,0
리서치팀/NNG,2,2,0
얽매이/VV,1,1,0
여러모로/MAG,4,2,2
옥텟/NNG,4,4,0
번다고/VV,1,1,0
해외진출/NNG,3,3,0
당당/NNG,1,1,0
자금/NNG;빠지/VV,2,1,1
호소/NNG,7,2,5
퇴직/NNG,5,5,0
편지/NNG,9,7,2
사본/NNG,3,1,2
즐겁/VA,2,1,1
인생/NNG,5,2,3
에르/NNG,4,4,0
틀/VV,1,1,0
엿본다/VV,1,1,0
무척/MAG,2,2,0
짝퉁/NNG,1,1,0
패소/NNG,1,1,0
상해/VV,1,1,0
상표권/NNG,1,1,0
침해/NNG,16,7,9
벌금형/NNG,2,1,1
울/NNG,1,1,0
피/NNG,4,3,1
재개/NNG,21,8,13
팩트/NNG,2,2,0
오버/NNG,1,1,0
배당금/NNG,2,1,1
벌/NNG,6,4,2
이따금/MAG,2,2,0
독지가/NNG,1,1,0
댄다/VV,1,1,0
깃/NNG,9,6,3
들어온/VV,6,4,2
게시/NNG,7,4,3
크라우드펀딩/NNG,5,5,0
맡겼/VV,2,2,0
청하/VV,8,4,4
거센/VA,3,2,1
소동/NNG,2,1,1
벌인/VV,2,2,0
풍년/NNG,1,1,0
과실/NNG,2,2,0
머지않아/MAG,2,2,0
가격/NNG;인상/NNG,4,1,3
햇수/NNG,1,1,0
명절/NNG,1,1,0
고향/NNG,1,1,0
퇴사/NNG,6,5,1
긋/VV,1,1,0
파문/NNG,1,1,0
기부/NNG,8,5,3
페리/NNG,1,1,0
링/NNG,4,3,1
거절/NNG,15,11,4
자선/NNG,2,2,0
전자정부/NNG,2,2,0
단단/NNG,1,1,0
초석/NNG,2,2,0
레벨/NNG,2,1,1
트랜잭션/NNG,27,12,15
대납/NNG,2,1,1
넓힌다는/VV,1,1,0
컴퓨터바이러스/NNG,1,1,0
송환/NNG,1,1,0
차명/NNG,2,2,0
징역형/NNG,2,1,1
처해진다/VV,1,1,0
금품/NNG,1,1,0
민사소송/NNG,3,1,2
불러일으켰/VV,2,2,0
부정/NNG,5,4,1
환수/NNG,3,3,0
맥아/NNG,1,1,0
자유당/NNG,1,1,0
출마/NNG,2,2,0
금리/NNG;대출/NNG;활성화/NNG,1,1,0
가계/NNG;부채/NNG;증가/NNG,1,1,0
대출/NNG;증가/NNG;아니/VCN,1,1,0
성장/NNG;경고/NNG,1,1,0
대출/NNG;확장/NNG,1,1,0
이탈/NNG;높/VA,1,1,0
위험/NNG;작/VA,1,1,0
대출/NNG;늘/VV,1,1,0
대출/NNG;높/VA,1,1,0
뜰까/VV,1,1,0
가졌/VV,5,2,3
궁금증/NNG,5,5,0
국법/NNG,2,2,0
학원/NNG,2,2,0
연구팀/NNG,6,3,3
트래킹/NNG,2,2,0
불분명/NNG,4,4,0
성경/NNG,1,1,0
연애/NNG,2,2,0
어때/VA,2,1,1
기종/NNG,3,1,2
액션/NNG,1,1,0
목록/NNG,10,5,5
실직/NNG,2,2,0
명정/NNG,1,1,0
사회적합의/NNG,2,2,0
이해부족/NNG,1,1,0
유럽연합/NNG,14,10,4
들어오/VV,8,4,4
케이뱅크/NNG,14,5,9
고객수/NNG,6,2,4
잔액/NNG,11,7,4
환호/NNG,1,1,0
흑자전환/NNG,3,1,2
장외시장/NNG,12,11,1
식수/NNG,1,1,0
울린/VV,1,1,0
영상회의/NNG,1,1,0
중장기/NNG,5,3,2
순증/NNG,1,1,0
몫/NNG,7,5,2
놀란/VV,1,1,0
공격적/VAX,12,8,4
선임/NNG,13,9,4
일반은행/NNG,2,2,0
이탈/NNG,6,5,1
참여연대/NNG,1,1,0
접근성/NNG,13,7,6
은행원/NNG,1,1,0
직장인/NNG,1,1,0
에스/NNG,13,11,2
지아이/NNG,1,1,0
정책금융/NNG,1,1,0
사잇돌대출/NNG,4,4,0
우량등급/NNG,1,1,0
서민/NNG,1,1,0
햇살론/NNG,1,1,0
중신용자/NNG,1,1,0
가만/MAG,1,1,0
고만/MAG,1,1,0
인터넷은행/NNG,1,1,0
중신/NNG,1,1,0
떼일/VV,1,1,0
성패/NNG,1,1,0
달릴/VV,1,1,0
가격/NNG;상승/NNG;가능성/NNG;높/VA,1,1,0
물량/NNG;가격/NNG;상승/NNG,1,1,0
금융안정/NNG;훼손/NNG,1,1,0
지표/NNG;안정/NNG,1,1,0
지수/NNG;상승/NNG,3,3,0
새롭/VA;위험/NNG,1,1,0
갑론을박/NNG,3,2,1
수락/NNG,3,1,2
희망퇴직/NNG,2,2,0
수지/NNG,5,5,0
라만/NNG,1,1,0
형사/NNG,8,8,0
부양책/NNG,8,5,3
마무리/MAG,1,1,0
행단/NNG,1,1,0
ecb/NNG,14,4,10
증진/NNG,6,5,1
코너/NNG,2,2,0
최대한/MAG,4,3,1
시일/NNG,5,5,0
악용/NNG,6,5,1
불가피/NNG,10,4,6
추석/NNG,2,2,0
매크로/NNG,2,1,1
소량/NNG,1,1,0
물량/NNG,34,14,20
량도/NNG,1,1,0
역사적/VAX,11,8,3
누적/NNG,10,4,6
증가량/NNG,1,1,0
횡/NNG,5,4,1
수다/NNG,2,2,0
다지/VV,1,1,0
공식화/NNG,2,2,0
시중/NNG;자금/NNG;흡수/NNG,1,0,1
투자금액/NNG;넘/VV,1,0,1
거품/NNG;심각/NNG,1,0,1
성장/NNG;둔화/NNG,1,0,1
부합/NNG,5,4,1
선행/NNG,4,3,1
촉박/NNG,1,0,1
추출/NNG,2,1,1
비거/NNG,2,1,1
산출/NNG,3,1,2
존속/NNG,2,1,1
의원실/NNG,4,2,2
성실/NNG,1,0,1
무섭/VA,3,1,2
앞부분/NNG,1,0,1
신조어/NNG,1,0,1
파이/VV,10,0,10
저금리/NNG,5,2,3
흡수/NNG,2,1,1
몸집/NNG,2,1,1
급부상/NNG,3,1,2
들끓/VV,1,0,1
눈먼/VV,1,0,1
망연자실/NNG,1,0,1
원금손실/NNG,1,0,1
까먹/VV,1,0,1
김치/NNG,2,0,2
핫도그/NNG,1,0,1
장난/NNG,3,2,1
단/VV,1,0,1
책/NNG,20,6,14
지은/NNG,1,0,1
유인책/NNG,4,2,2
지면/NNG,21,12,9
특집/NNG,10,6,4
정답/NNG,1,0,1
서치/NNG,1,0,1
자유자재/NNG,1,0,1
남녀/NNG,1,0,1
맛/NNG,3,2,1
잠금효과/NNG,3,1,2
셈법/NNG,1,0,1
장악력/NNG,1,0,1
자랑/NNG,3,2,1
다채/NNG,1,0,1
거래액/NNG,15,10,5
뛰어든/VV,7,3,4
쿠페/NNG,1,0,1
구매자/NNG,8,3,5
타기팅/NNG,1,0,1
배너광고/NNG,1,0,1
띄우/VV,1,0,1
소비성향/NNG,2,1,1
특기/NNG,2,0,2
저마다/MAG,2,1,1
직/NNG,1,0,1
불망/NNG,1,0,1
쓰임새/NNG,1,0,1
득공/NNG,1,0,1
화의/NNG,6,2,4
변환/NNG,3,2,1
외환/NNG,15,10,5
코퍼레이션/NNG,3,2,1
둔화/NNG,5,2,3
격화/NNG,1,0,1
대차/NNG,1,0,1
놀라/VV,1,0,1
아마/MAG,6,2,4
만드실/VV,1,0,1
다져/VV,1,0,1
똑같/VA,7,5,2
전개/NNG,4,2,2
수월/NNG,1,0,1
졸업/NNG,3,2,1
유통사업/NNG,1,0,1
입사/NNG,3,2,1
시게루/NNG,1,0,1
사토/NNG,1,0,1
편집장/NNG,1,0,1
수케/NNG,1,0,1
파일시스템/NNG,3,1,2
왔으며/VV,1,0,1
결합성/NNG,2,1,1
저해/NNG,6,0,6
탄토/NNG,2,0,2
합작법인/NNG,9,3,6
상품선물/NNG,2,0,2
선물거래/NNG,8,4,4
인가/NNG,14,7,7
클리어링하우스/NNG,1,0,1
계시/NNG,4,2,2
기준일/NNG,6,3,3
기다려왔/VV,1,0,1
m&a/NNG,6,0,6
필적/NNG,2,0,2
유물/NNG,1,0,1
브레인/NNG,3,0,3
문구/NNG,10,7,3
머/VA,1,0,1
잊어버릴/VV,1,0,1
중개회사/NNG,2,1,1
변신/NNG,1,0,1
난다는/VV,1,0,1
면허/NNG,3,1,2
벨로시티/NNG,1,0,1
채굴량/NNG,5,2,3
가격/NNG;많이/MAG;오르/VV,2,2,0
가격/NNG;변동성/NNG;줄/VV,2,1,1
가격/NNG;변동성/NNG;낮/VA,3,1,2
비용/NNG;상승/NNG,2,1,1
최대/NNG;감소/NNG,1,1,0
소비/NNG;촉진/NNG,1,1,0
생존/NNG;어렵/VA,1,1,0
이익/NNG;줄/VV,1,1,0
장터/NNG,11,10,1
윈도/NNG,5,5,0
구형/NNG,3,2,1
고위/NNG,5,5,0
읍소/NNG,1,1,0
판박이/NNG,1,1,0
송정/NNG,1,1,0
토종/NNG,1,1,0
경유/NNG,6,6,0
이용료/NNG,5,5,0
무/VV,1,1,0
연합회/NNG,3,2,1
토어/NNG,1,1,0
충/NNG,1,1,0
인건비/NNG,2,2,0
원가/NNG,1,1,0
종사/NNG,1,1,0
노동자/NNG,2,2,0
계문/NNG,1,1,0
영업이익률/NNG,2,2,0
그친다는/VV,1,1,0
꺼린/VV,1,1,0
사악/NNG,1,1,0
본색/NNG,1,1,0
꼬집/VV,4,4,0
행태/NNG,5,5,0
파수/NNG,1,1,0
할당/NNG,3,1,2
먹히/VV,2,2,0
질의/NNG,8,5,3
연이/VV,4,2,2
으름장/NNG,1,1,0
귓등/NNG,1,1,0
흘리/VV,1,1,0
과방/NNG,2,2,0
소재부품/NNG,1,1,0
종속/NNG,2,2,0
용역/NNG,3,2,1
문민정부/NNG,1,1,0
산업화/NNG,2,2,0
재촉/NNG,1,1,0
비상/NNG,2,2,0
국감/NNG,6,6,0
벼르/VV,1,1,0
깊/VA,10,8,2
성의/NNG,1,1,0
배려/NNG,1,1,0
기댈/VV,1,1,0
파업/NNG,2,2,0
상의/NNG,3,3,0
연차/NNG,1,1,0
불결/NNG,1,1,0
편익/NNG,1,1,0
저지/NNG,6,6,0
유로/NNG,22,14,8
겹치/VV,3,3,0
속결/NNG,1,1,0
퍼시픽/NNG,6,6,0
오퍼레이션/NNG,2,1,1
아틀란티스/NNG,1,1,0
백만장자/NNG,1,1,0
가담/NNG,2,1,1
페이퍼/NNG,1,1,0
로펌/NNG,4,4,0
비밀문서/NNG,1,1,0
스탬프/NNG,5,5,0
소여/NNG,1,1,0
험자/NNG,1,1,0
챌린지/NNG,2,2,0
발판/NNG,3,2,1
페이스/NNG,3,3,0
플로어/NNG,2,1,1
유피/NNG,1,1,0
바름/VV,1,1,0
멀티채널/NNG,1,1,0
바야흐로/MAG,1,1,0
계절/NNG,2,2,0
스페인독감/NNG,1,1,0
대공황/NNG,4,2,2
시위/NNG,3,2,1
한꺼번에/MAG,4,2,2
기후변화/NNG,4,3,1
재앙/NNG,1,1,0
산불/NNG,1,1,0
잦/VA,2,2,0
허리케인/NNG,1,1,0
신음/NNG,1,1,0
국한/NNG,8,4,4
바라본다면/VV,1,1,0
예민/NNG,1,1,0
맨날/MAG,1,1,0
쌈박질/NNG,1,1,0
정치판/NNG,1,1,0
지긋지긋하/VA,1,1,0
좌절/NNG,3,2,1
종업원/NNG,1,1,0
실업급여/NNG,1,1,0
손님/NNG,1,1,0
노동/NNG,3,3,0
의욕/NNG,1,1,0
꺾/VV,9,5,4
지급액/NNG,1,1,0
피부색/NNG,1,1,0
이골/NNG,1,1,0
교실/NNG,1,1,0
개학/NNG,1,1,0
시기상조/NNG,3,1,2
흑인/NNG,1,1,0
목숨/NNG,2,2,0
장문/NNG,1,1,0
퇴직금/NNG,4,2,2
노골/NNG,3,2,1
잭/NNG,15,12,3
직격탄/NNG,4,3,1
부르짖/VV,1,1,0
어불성설/NNG,2,1,1
배타/NNG,2,1,1
일갈/NNG,1,1,0
사표/NNG,1,1,0
쓴/VV,6,4,2
피해갈/VV,2,1,1
뜬금없이/MAG,1,1,0
펼쳐진/VV,2,1,1
댓글/NNG,5,3,2
정치/VV,1,1,0
대개/NNG,1,1,0
그려진다/VV,1,1,0
악/NNG,3,3,0
혐오/NNG,3,3,0
고착화/NNG,4,3,1
이바지/NNG,4,2,2
계인/NNG,4,4,0
안기/VV,7,2,5
장사/NNG,2,2,0
건너뛸/VV,1,1,0
생겨날/VV,1,1,0
외친/VV,1,1,0
용기/NNG,3,3,0
물고기/NNG,1,1,0
지표/NNG;최악/NNG,1,1,0
설명회/NNG,2,2,0
입안/NNG,2,2,0
결재/NNG,2,2,0
처장/NNG,1,1,0
국무회의/NNG,4,1,3
긴밀히/MAG,2,2,0
정무/NNG,1,1,0
싸움/NNG,11,11,0
양측/NNG,3,2,1
여겨진다/VV,7,5,2
인텔리전스/NNG,3,2,1
등록증권/NNG,4,3,1
끝낸/VV,2,2,0
톤/NNG,9,5,4
무산/NNG,7,6,1
칭찬/NNG,2,2,0
모은다/VV,4,3,1
다뤄져야/VV,1,1,0
판별/NNG,2,2,0
명백히/MAG,1,1,0
졌/VV,2,2,0
구속력/NNG,1,1,0
오로지/MAG,1,1,0
런던증권거래소/NNG,1,1,0
조만간/MAG,19,11,8
현금자산/NNG,1,1,0
샌드/NNG,5,4,1
소외층/NNG,1,1,0
신용조합/NNG,1,1,0
호되/VA,1,1,0
낙관론/NNG,9,8,1
한층/MAG,2,2,0
한껏/MAG,2,2,0
부풀어올랐/VV,1,1,0
지난번/NNG,2,1,1
정법/NNG,3,3,0
커뮤니케이션/NNG,7,7,0
표본/NNG,1,1,0
손꼽/NNG,1,1,0
시름/NNG,1,1,0
어김없이/MAG,1,1,0
발란/NNG,6,4,2
노라/NNG,1,1,0
대출/NNG;시장/NNG;활성화/NNG,2,1,1
우려/NNG;목소리/NNG;많/VA,1,0,1
자본/NNG;유출/NNG;막/VV,1,0,1
가격/NNG;최고점/NNG,2,0,2
시스템/NNG;위험/NNG,1,0,1
은행/NNG;부담/NNG,2,0,2
비용/NNG;증가/NNG,1,0,1
은행/NNG;위험/NNG,1,0,1
통화/NNG;확대/NNG,3,1,2
공포/NNG;빠지/VV,1,0,1
유동성/NNG;낮/VA,2,1,1
인덱스/NNG,3,0,3
결심/NNG,2,0,2
구독/NNG,7,2,5
들떠/VV,2,1,1
정작/MAG,4,3,1
들리/VV,9,3,6
중화/NNG,2,0,2
멤버십/NNG,1,0,1
청구서/NNG,1,0,1
넓혔/VV,1,0,1
자료집/NNG,1,0,1
래드/NNG,2,0,2
유입량/NNG,7,1,6
연다/VV,3,2,1
생중/NNG,2,1,1
과매수/NNG,12,4,8
정량/NNG,2,1,1
전략팀/NNG,1,0,1
교묘/NNG,2,0,2
이리저리/MAG,3,1,2
공룡/NNG,4,0,4
호/MAG,3,0,3
불수리/NNG,2,0,2
공중/NNG,3,0,3
협박/NNG,7,0,7
입김/NNG,2,1,1
운명/NNG,10,4,6
접/VV,7,3,4
청중/NNG,1,0,1
굶/VV,1,0,1
죽/VV,3,0,3
봐왔/VV,1,0,1
돈줄/NNG,1,0,1
당장/MAG,18,15,3
조직원/NNG,2,1,1
지날수록/VV,1,0,1
금융위기/NNG,17,11,6
인해서/VV,4,3,1
생겨났으며/VV,1,0,1
센/NNG,14,12,2
트레이드오프/NNG,1,0,1
사회적비용/NNG,1,0,1
소외/NNG,5,0,5
부추긴다/VV,1,0,1
저개발국/NNG,1,0,1
카르텔/NNG,1,0,1
연안/NNG,2,1,1
환거래/NNG,2,0,2
불평등/NNG,4,0,4
빈곤/NNG,2,1,1
번영/NNG,2,0,2
장애물/NNG,7,5,2
탁하/VV,1,0,1
든다는/VV,2,1,1
불리/NNG,3,0,3
존립/NNG,1,0,1
감시자/NNG,1,0,1
떨/VV,1,0,1
금융업계/NNG,5,2,3
믹/NNG,1,0,1
알/NNG,5,4,1
준비통화/NNG,8,4,4
게이트키퍼/NNG,1,0,1
선봉대/NNG,1,0,1
게이트키핑/NNG,1,0,1
일괄/NNG,1,0,1
원정/NNG,4,2,2
최적화/NNG,4,2,2
시스템설계/NNG,2,1,1
틈/NNG,1,0,1
파고들/VV,1,0,1
받아들인다면/VV,1,0,1
왓슨/NNG,1,0,1
치러야/VV,1,0,1
반문/NNG,3,1,2
리스크온/NNG,1,0,1
결부/NNG,1,0,1
다룬/VV,5,4,1
통화전쟁/NNG,1,0,1
매겨진다/VV,2,1,1
순환적/VAX,1,0,1
바스켓/NNG,3,2,1
가중/NNG,6,0,6
필자/NNG,4,0,4
시각화/NNG,1,0,1
몰려들/VV,2,0,2
믿음/NNG,13,10,3
위안화지수/NNG,3,0,3
여길/VV,1,0,1
원한/VV,2,1,1
오직/MAG,3,2,1
독립성/NNG,2,1,1
천명/NNG,1,0,1
페그/NNG,1,0,1
인위적/VAX,3,1,2
유리/NNG,18,9,9
수출기업/NNG,1,0,1
어필/NNG,1,0,1
애쓰/VV,1,0,1
발행계획/NNG,4,2,2
반향/NNG,3,2,1
데인/VV,1,1,0
허락/NNG,3,3,0
찍히/VV,1,1,0
이토록/MAG,1,1,0
실크로드/NNG,8,6,2
검거/NNG,1,1,0
돌이켜/VV,1,1,0
끄/VV,5,4,1
폐해/NNG,1,1,0
포지티브/NNG,1,1,0
들으면서/VV,1,1,0
눈치/NNG,2,2,0
가계/NNG;금융자산/NNG;증가/NNG,1,0,1
자산/NNG;비중/NNG;상승/NNG,1,0,1
자산/NNG;가격/NNG;상승/NNG,7,3,4
가격/NNG;상승/NNG;과도/NNG,1,0,1
소비/NNG;지출/NNG;줄/VV,1,0,1
가격/NNG;지나치/VA;높/VA,1,0,1
소득/NNG;감소/NNG,2,0,2
가격/NNG;회복/NNG,6,2,4
자산/NNG;많/VA,1,0,1
투자/NNG;줄/VV,2,1,1
상속/NNG,5,0,5
증여/NNG,5,0,5
일군/VV,1,0,1
대물림/NNG,1,0,1
총금융자산/NNG,1,0,1
초고/NNG,5,0,5
자산가/NNG,1,0,1
부를/VV,4,2,2
사업소득/NNG,3,1,2
근로/NNG,2,1,1
부의/NNG,1,0,1
상속인/NNG,1,0,1
회원권/NNG,1,0,1
예술품/NNG,6,2,4
공상/NNG,3,1,2
변형/NNG,3,1,2
스테이션/NNG,8,0,8
우기/NNG,4,1,3
막바지/NNG,2,0,2
프라이스/NNG,1,0,1
소시/NNG,3,2,1
포지/NNG,3,0,3
우스/NNG,4,0,4
교류/NNG,3,0,3
재건/NNG,1,0,1
크리스틴/NNG,1,0,1
모이/NNG,1,0,1
안착/NNG,6,2,4
고규/NNG,1,0,1
지구/NNG,6,5,1
디비/NNG,1,0,1
물음/NNG,4,0,4
위정/NNG,1,0,1
사생활/NNG,3,1,2
절대/MAG,4,2,2
박식/NNG,1,0,1
매트릭스/NNG,3,1,2
뇌/NNG,3,1,2
존엄성/NNG,1,0,1
유토피아/NNG,2,0,2
저평가/NNG,1,0,1
치인/NNG,3,1,2
간단히/MAG,3,0,3
변할/VV,1,0,1
기업/NNG;부담/NNG,1,0,1
실적/NNG;증가/NNG,1,0,1
강하/VA;우려/NNG,1,0,1
엇갈리/VV,5,4,1
아꼈/VV,2,1,1
섞인/VV,2,0,2
온도차/NNG,3,1,2
착실히/MAG,1,0,1
저렇/VA,1,0,1
판가름/NNG,1,0,1
위임/NNG,2,0,2
똑같이/MAG,2,1,1
하여금/MAG,2,1,1
지적도/NNG,6,2,4
난감/NNG,2,0,2
후년/NNG,2,0,2
공기업/NNG,3,1,2
표명/NNG,9,3,6
왔다/VV,11,5,6
묵시/NNG,1,0,1
후순위/NNG,1,0,1
밀려버린/VV,1,0,1
사라져/VV,7,6,1
신호탄/NNG,1,0,1
건재/NNG,2,1,1
이강/NNG,2,0,2
박설/NNG,1,0,1
매기/NNG,1,0,1
존/NNG,7,4,3
구체/NNG,3,1,2
부결/NNG,4,0,4
찬성표/NNG,1,0,1
가결/NNG,4,1,3
정족수/NNG,2,0,2
모자라/VV,1,0,1
업인/NNG,1,0,1
빼돌렸/VV,2,0,2
필두/NNG,2,1,1
측은/NNG,1,0,1
거짓/NNG,3,0,3
피로/NNG,3,0,3
입지/NNG,4,0,4
들여올/VV,1,0,1
유례/NNG,1,0,1
뒤바뀌/VV,1,0,1
즉답/NNG,4,0,4
실적발표/NNG,4,0,4
벤모/NNG,4,2,2
스리/NNG,2,2,0
축구팀/NNG,2,1,1
파트너쉽/NNG,3,3,0
벤/VV,4,4,0
조우/NNG,3,3,0
우승/NNG,4,3,1
직속/NNG,5,4,1
도화/NNG,12,12,0
완이/NNG,2,2,0
민사/NNG,1,1,0
행법/NNG,1,1,0
사후/NNG,6,5,1
학계/NNG,7,6,1
빼돌린/VV,2,1,1
부쳐질/VV,1,1,0
고작/MAG,4,2,2
환산/NNG,4,2,2
마인/NNG,3,2,1
생산업체/NNG,2,1,1
생산시설/NNG,1,1,0
갑부/NNG,2,2,0
지분비율/NNG,1,1,0
회계/NNG,5,3,2
호에/NNG,5,4,1
감추/VV,5,4,1
액셀러레이터/NNG,1,1,0
비바체/NNG,1,1,0
시사점/NNG,4,4,0
논한다/VV,2,2,0
명단/NNG,6,3,3
청사진/NNG,2,2,0
오프/NNG,9,4,5
믹스/NNG,6,5,1
투자/NNG;성과/NNG;높/VA,1,0,1
위험자산군/NNG,1,0,1
틀니/NNG,1,0,1
폭행/NNG,1,0,1
당해서/VV,1,0,1
이빨/NNG,1,0,1
해꼬지/NNG,1,0,1
앰버/NNG,3,1,2
억만장자/NNG,9,4,5
손꼽히/VV,4,1,3
와의/NNG,21,12,9
레그/NNG,4,1,3
옥/NNG,1,0,1
긍정적/VAX;영향/NNG;줄/VV,1,1,0
자산/NNG;거품/NNG,2,1,1
해치/NNG,12,7,5
월렛/NNG,7,5,2
대시/NNG,5,4,1
한도설정/NNG,1,1,0
화이트리스팅/NNG,1,1,0
직토/NNG,1,1,0
하이/NNG,1,1,0
럭스/NNG,1,1,0
임박/NNG,6,3,3
중심축/NNG,1,1,0
넘어갈지/VV,1,1,0
선발/NNG,9,8,1
유소/NNG,1,1,0
메이트/NNG,3,3,0
장춘/NNG,2,2,0
침식/NNG,1,1,0
전시/NNG,8,5,3
동전/NNG,8,7,1
어떠/NNG,18,10,8
상충관계/NNG,1,1,0
밀어낼/VV,1,1,0
시장조사기관/NNG,1,1,0
징/NNG,7,6,1
허물/VV,1,1,0
파급/NNG,3,1,2
모인다/VV,1,1,0
근거리무선통신/NNG,1,1,0
열악/NNG,2,2,0
기축통화/NNG,11,8,3
국인/NNG,4,1,3
사기/VV,3,2,1
전고/NNG,3,2,1
점인/NNG,7,4,3
후회/NNG,5,2,3
밀레니얼/NNG,11,10,1
바라봤/VV,1,1,0
먹거리/NNG,3,1,2
탁업/NNG,2,1,1
수탁은행/NNG,1,1,0
금도/NNG,4,4,0
변동성/NNG;심하/VA,2,2,0
물가/NNG;상승/NNG,4,3,1
지표/NNG;살피/VV,1,1,0
위험/NNG;작/VV,2,2,0
몰수/NNG,9,7,2
계식/NNG,1,1,0
키노트/NNG,2,2,0
스타트/NNG,1,1,0
강연/NNG,5,1,4
최고전략책임자/NNG,2,2,0
간결/NNG,3,3,0
불법자금/NNG,5,3,2
안청/NNG,2,2,0
부치/VV,1,1,0
대부/NNG,5,5,0
심하/VA,15,8,7
스테이크/NNG,6,3,3
바이슨/NNG,4,1,3
피그/NNG,3,1,2
빈도/NNG,3,2,1
권장/NNG,3,3,0
어젯밤/NNG,1,1,0
조정국면/NNG,2,1,1
거칠/VV,3,2,1
재탈환/NNG,1,1,0
무한/NNG,4,3,1
출력/NNG,1,1,0
현재가치/NNG,2,1,1
거스름돈/NNG,1,1,0
가질까/VV,1,1,0
투매/NNG,1,1,0
고조/NNG,3,3,0
마두/NNG,2,2,0
정권/NNG,3,1,2
상승률/NNG,31,19,12
디플레이션/NNG,2,2,0
매개체/NNG,2,2,0
포악/NNG,1,1,0
불안정/NNG,7,5,2
살인적/VAX,1,1,0
불안정성/NNG,1,1,0
고통/NNG,3,2,1
실종/NNG,1,0,1
엿볼/VV,2,0,2
퀘/NNG,1,0,1
파산법/NNG,1,0,1
했으나/VV,4,3,1
이면/NNG,1,0,1
나물/NNG,1,0,1
마라톤/NNG,6,1,5
순손실/NNG,5,0,5
매입/NNG,44,30,14
아크로폴리스/NNG,4,0,4
노바/NNG,1,0,1
와이/NNG,3,2,1
감사추적/NNG,1,0,1
틱/MAG,2,1,1
덱/NNG,6,5,1
산업/NNG;위축/NNG,1,1,0
자산/NNG;위험/NNG,1,1,0
우려/NNG;그러/VV,1,1,0
기본법/NNG,2,2,0
파인/NNG,5,5,0
예외적/VAX,3,1,2
섭/NNG,9,4,5
정과/NNG,1,1,0
기업인/NNG,2,1,1
양질/NNG,3,2,1
콜드/NNG,13,11,2
고시/NNG,3,3,0
입법조사처/NNG,1,1,0
저우/NNG,3,3,0
워크/NNG,3,3,0
안식처/NNG,2,2,0
미디어그룹/NNG,1,1,0
협력사/NNG,5,4,1
마감/NNG,26,13,13
금/NNG;가격/NNG;오르/VV,1,1,0
가격/NNG;오르/VV;그치/VV,1,1,0
심각/NNG;훼손/NNG,1,1,0
탭/NNG,18,11,7
슬러시/NNG,1,1,0
에프/NNG,4,1,3
공표/NNG,2,1,1
참여의사/NNG,1,1,0
밝힐/VV,4,2,2
급속/NNG,6,4,2
시안/NNG,1,1,0
연례회의/NNG,1,1,0
묶일/VV,1,1,0
공급업체/NNG,1,1,0
함/VV,1,1,0
발길/NNG,2,1,1
소매/NNG,3,1,2
기업연합/NNG,1,1,0
사일로/NNG,1,1,0
차익거래/NNG,9,3,6
고소장/NNG,2,1,1
명백/NNG,5,2,3
다분/NNG,1,1,0
명예/NNG,4,4,0
징벌적손해배상/NNG,1,1,0
채권/NNG;발행/NNG;중단/NNG,1,1,0
가격/NNG;변동성/NNG;크/VV,2,1,1
지하층/NNG,1,1,0
층/NNG,7,5,2
빌딩/NNG,2,2,0
역삼/NNG,2,2,0
배정/NNG,3,2,1
임대/NNG,3,3,0
배당기준일/NNG,1,1,0
적격/NNG,2,1,1
일비/NNG,1,1,0
무난/NNG,1,1,0
야권/NNG,1,1,0
지도자/NNG,5,5,0
후안/NNG,1,1,0
정치자금/NNG,1,1,0
일정금액/NNG,2,1,1
의료진/NNG,1,1,0
다가서/VV,1,1,0
액셀/NNG,4,4,0
벤치마크/NNG,1,1,0
상당량/NNG,6,5,1
빼돌려/VV,1,1,0
도덕/NNG,2,1,1
의해서/VV,5,5,0
메트로폴리탄/NNG,1,1,0
폴/NNG,13,10,3
기폭/NNG,1,1,0
한몫/NNG,2,2,0
본드/NNG,1,1,0
터치/NNG,4,3,1
석/NNG,5,3,2
차입/NNG,7,5,2
롱포지션/NNG,4,3,1
부추겨/VV,2,1,1
연출/NNG,2,1,1
징역/NNG,8,5,3
시청자/NNG,4,4,0
연습생/NNG,1,1,0
데뷔/NNG,8,6,2
팬덤/NNG,2,1,1
흥행/NNG,5,5,0
인기리/NNG,1,1,0
배출/NNG,6,5,1
등용문/NNG,1,1,0
네티즌/NNG,2,2,0
작진/NNG,3,3,0
들통/NNG,2,1,1
구속/NNG,3,1,2
돌/NNG,13,3,10
범행/NNG,1,1,0
판시/NNG,2,2,0
찬성/NNG,4,4,0
팬클럽/NNG,1,1,0
쏠리/VV,3,3,0
왈가왈부/NNG,1,1,0
이닝/NNG,4,4,0
명기/NNG,1,1,0
프리마/NNG,2,2,0
빙의/NNG,1,1,0
애매/NNG,2,1,1
사업계획서/NNG,1,1,0
황당/NNG,2,2,0
작정/NNG,1,1,0
숨긴/VV,1,1,0
노래/NNG,2,2,0
거리낌/NNG,1,1,0
어련히/MAG,1,1,0
공론/NNG,2,1,1
건기/NNG,3,1,2
공동대표/NNG,4,3,1
베타서비스/NNG,1,0,1
무사/NNG,4,2,2
법무사/NNG,1,0,1
시드/VV,3,0,3
작품/NNG,125,74,51
가시/NNG,3,0,3
환경/NNG;부담/NNG,1,0,1
새롭/VA;성장/NNG,2,1,1
갑/NNG,1,0,1
산업협회/NNG,2,0,2
각광/NNG,2,1,1
성장전략/NNG,1,0,1
발/VA,1,0,1
이사장/NNG,6,4,2
좌장/NNG,1,0,1
동국/NNG,2,1,1
이근/NNG,1,0,1
산국/NNG,1,0,1
견줄/VV,1,0,1
헥시트/NNG,1,0,1
엑시트/NNG,1,0,1
금융허브/NNG,1,0,1
변국/NNG,1,0,1
표했/VV,2,1,1
나기/NNG,2,0,2
근본정신/NNG,1,0,1
몰살/NNG,1,0,1
서랍/NNG,1,0,1
접힌/VV,1,0,1
적힌/VV,5,4,1
밝혀야/VV,1,0,1
유산/NNG,1,0,1
불러오/VV,3,1,2
우루/NNG,1,0,1
콥/NNG,6,0,6
사적/NNG,4,1,3
기하/NNG,1,0,1
받아들여야/VV,2,0,2
끓어오르/VV,1,0,1
로비스트/NNG,1,0,1
옹호/NNG,12,9,3
소프트파워/NNG,1,0,1
캠페인/NNG,6,5,1
탈퇴/NNG,2,1,1
쪽/NNG,1,0,1
설명서/NNG,8,5,3
사법부/NNG,2,0,2
관료/NNG,3,2,1
떠올린다/VV,1,0,1
가득/MAG,4,0,4
조용히/MAG,4,2,2
사용료/NNG,2,1,1
잉여/NNG,2,1,1
과반/NNG,1,0,1
재원/NNG,2,1,1
이단/NNG,1,0,1
첨단/NNG,3,1,2
합작/NNG,2,1,1
상장회사/NNG,2,0,2
수상/NNG,4,3,1
의사/NNG,10,4,6
올바르/VA,3,2,1
재생에너지/NNG,2,1,1
가격/NNG;절하/NNG,1,1,0
존망/NNG,1,1,0
공하/NNG,4,2,2
조회/NNG,7,1,6
거할/VV,2,2,0
전고점/NNG,4,4,0
곤욕/NNG,2,1,1
치렀/VV,2,2,0
그램/NNG,12,11,1
사들이/VV,7,4,3
전문업체/NNG,3,2,1
약화/NNG,7,4,3
표적/NNG,1,1,0
랜섬웨어/NNG,18,7,11
부릴/VV,1,1,0
구겐하임/NNG,10,7,3
계획서/NNG,4,4,0
티커/NNG,2,2,0
절하/NNG,6,4,2
월별/NNG,5,1,4
종가/NNG,10,8,2
상회/NNG,8,3,5
월임/NNG,1,1,0
율/NNG,5,2,3
소득금액/NNG,3,1,2
원천징수/NNG,1,1,0
법사위/NNG,1,1,0
예산안/NNG,7,6,1
떠납니다/VV,2,2,0
가집니다/VV,1,1,0
다녀온/VV,1,1,0
젠더/NNG,3,3,0
감수성/NNG,1,1,0
낙/NNG,1,1,0
반말/NNG,1,1,0
함부로/MAG,3,3,0
음/NNG,1,1,0
억지로/MAG,1,1,0
존중/NNG,5,5,0
자평/NNG,1,1,0
거래처/NNG,1,1,0
외부인사/NNG,1,1,0
성희롱/NNG,1,1,0
성추행/NNG,1,1,0
부적절/NNG,1,1,0
미비/NNG,6,2,4
공감/NNG,3,2,1
성별/NNG,1,1,0
불균형/NNG,6,3,3
면죄부/NNG,1,1,0
실천/NNG,3,3,0
참/VV,8,3,5
지양/NNG,1,1,0
뉴/NNG,10,3,7
하단/NNG,4,3,1
프렌들리/NNG,1,1,0
우/NNG,18,7,11
가이드/NNG,8,4,4
쿠폰/NNG,1,1,0
도도/NNG,2,2,0
강령/NNG,2,2,0
명문화/NNG,2,1,1
대목/NNG,1,1,0
지켜봐/VV,1,1,0
편하/VA,3,2,1
액티브/NNG,2,0,2
과기/NNG,4,0,4
정통부/NNG,4,0,4
후속/NNG,3,1,2
유효기간/NNG,3,2,1
금융안정/NNG;위험/NNG,1,1,0
성장/NNG;아니/VCN,1,1,0
상승률/NNG;웃돌/VV,1,1,0
패스트트랙/NNG,3,3,0
이목/NNG,4,2,2
댄/NNG,4,1,3
앞당겼/VV,1,1,0
전용상품/NNG,1,1,0
애셋/NNG,6,6,0
기업카드/NNG,1,1,0
글루/NNG,4,4,0
시더/NNG,1,1,0
목표액/NNG,2,2,0
놀랐/VV,1,1,0
이래/NNG,1,1,0
일어난다는/VV,1,1,0
체어/NNG,2,2,0
스크립트/NNG,2,2,0
구별/NNG,3,2,1
교육자/NNG,1,1,0
빌미/NNG,3,3,0
비스무트/NNG,1,1,0
트로이목마/NNG,1,1,0
부수입/NNG,1,1,0
도용/NNG,7,3,4
알아채/VV,1,1,0
웃돌/VV,15,7,8
모소/NNG,1,1,0
해봐도/VV,1,1,0
확률/NNG,17,11,6
디엠/NNG,16,12,4
최고법률책임자/NNG,2,1,1
준법/NNG,3,3,0
솜/NNG,1,1,0
비밀리/NNG,1,1,0
이루어져/VV,2,2,0
벽/NNG,1,1,0
부딪히/VV,1,1,0
통화바스켓/NNG,4,4,0
우호적/VAX,4,4,0
꾀하/VV,5,3,2
거론/NNG,11,6,5
노비/NNG,9,7,2
브레이크/NNG,2,1,1
스루/NNG,3,3,0
리더십/NNG,2,1,1
원한다/VV,3,3,0
바꾼다/VV,1,1,0
지도부/NNG,5,5,0
원래/NNG,2,2,0
뭇매/NNG,1,1,0
편안/NNG,1,1,0
디자인/NNG,6,5,1
용례/NNG,1,1,0
급박/NNG,1,1,0
가격/NNG;밀/VV;오르/VV,1,1,0
통화/NNG;팽창/NNG,1,1,0
차기/NNG,2,1,1
원자재/NNG,1,1,0
갈린다/VV,1,1,0
팽창/NNG,2,2,0
추켜/VV,1,1,0
무용론/NNG,1,1,0
대차대조표/NNG;확대/NNG,1,1,0
정책/NNG;불확실성/NNG,1,1,0
위기/NNG;위험/NNG,1,1,0
위험/NNG;증폭/NNG,1,1,0
에이다/NNG,4,3,1
락/NNG,4,3,1
뺄/VV,1,1,0
영광/NNG,2,1,1
전설/NNG,9,9,0
거물급/NNG,2,2,0
희소성/NNG,23,17,6
설전/NNG,2,2,0
신봉자/NNG,2,2,0
찾아볼/VV,2,1,1
칭하/VV,2,2,0
표시/NNG,22,12,10
재미난/VA,2,2,0
고대/NNG,2,2,0
승리/NNG,5,4,1
인정받/VV,12,7,5
망가뜨릴/VV,3,3,0
순금/NNG,1,1,0
금괴/NNG,1,1,0
받아들여진다/VV,2,2,0
가분/NNG,2,2,0
련/NNG,1,1,0
크기/NNG,3,2,1
덩이/NNG,1,1,0
휴대/NNG,3,3,0
운반/NNG,2,2,0
소행성/NNG,1,1,0
매장/NNG,3,1,2
뛰어날/VA,1,1,0
가분성/NNG,1,1,0
충분조건/NNG,1,1,0
백금/NNG,2,1,1
귀금속/NNG,1,1,0
두텁/VA,2,2,0
유구/NNG,1,1,0
미다스/NNG,1,1,0
신화/NNG,1,1,0
동화/NNG,1,1,0
엘도라도/NNG,1,1,0
떠난/VV,1,1,0
정복/NNG,2,2,0
동의어/NNG,1,1,0
아름다운/VA,2,1,1
아름다움/VA,1,1,0
동일시/NNG,1,1,0
관습/NNG,1,1,0
아름답/VA,1,1,0
반짝이/VV,1,1,0
피드백/NNG,6,3,3
무형/NNG,2,1,1
정면/NNG,2,2,0
이젠/MAG,2,2,0
발명품/NNG,4,4,0
합해/VV,2,1,1
해준다/VV,1,1,0
집합/NNG,2,1,1
고르/VV,5,3,2
편성/NNG,5,1,4
들여야/VV,1,1,0
포진/NNG,2,1,1
불러일으키/VV,1,1,0
볼드/NNG,4,2,2
사로잡/VV,2,2,0
생각난다/VV,2,2,0
사들였/VV,5,3,2
사들인/VV,5,4,1
유념/NNG,2,2,0
생각나/VV,1,1,0
가설/NNG,1,1,0
으/NNG,3,3,0
사들였으며/VV,1,1,0
선상/NNG,2,2,0
사들인다는/VV,2,1,1
할지/VV,6,4,2
니퍼/NNG,1,1,0
설/VV,2,2,0
근절/NNG,2,1,1
매진/NNG,3,2,1
현명/NNG,3,2,1
유심/NNG,4,4,0
성장/NNG;저해/NNG,1,0,1
피해/NNG;방지/NNG,4,2,2
되돌려야/VV,2,0,2
당선인/NNG,8,0,8
렙/NNG,1,0,1
미시/NNG,1,0,1
사추/NNG,5,2,3
테더링/NNG,1,0,1
시행법/NNG,1,0,1
취임/NNG,4,1,3
기부자/NNG,1,0,1
당선/NNG,1,0,1
아무것/NNG,3,1,2
공식입장/NNG,3,0,3
지각/NNG,2,1,1
배후/NNG,2,1,1
온건파/NNG,1,0,1
무시/NNG,8,3,5
코발트/NNG,2,0,2
응하/VV,3,2,1
울/VV,3,2,1
겨자/NNG,1,0,1
동급/NNG,1,0,1
눈길/NNG,4,2,2
따져야/VV,3,0,3
근접/NNG,13,3,10
광장/NNG,5,3,2
단시/NNG,1,0,1
조심/NNG,8,4,4
매도의견/NNG,4,0,4
알파/NNG,9,1,8
타일러/VV,3,1,2
라드/NNG,2,0,2
중립/NNG,7,3,4
선순위채권/NNG,1,0,1
수입/NNG;오르/VV,4,1,3
소셜화폐/NNG,2,0,2
퓨즈/NNG,4,0,4
공연/NNG,7,0,7
휘청이/VV,1,0,1
모친/NNG,1,0,1
서프라이즈/NNG,1,0,1
박스/NNG,42,38,4
파티/NNG,5,2,3
크리스천/NNG,1,0,1
컬/VV,1,0,1
트리오/NNG,1,0,1
셀라/NNG,1,0,1
배우/NNG,2,1,1
언서/NNG,8,3,5
앞장서/VV,5,3,2
매스/NNG,8,2,6
나날이/MAG,1,0,1
뱅커/NNG,1,0,1
투자자금/NNG,2,0,2
날짜/NNG,7,6,1
신탁업/NNG,1,0,1
신생기업/NNG,1,0,1
양당/NNG,1,0,1
프로메튬/NNG,1,0,1
쌓여/VV,2,0,2
방치/NNG,6,4,2
어중간/NNG,1,0,1
리기/NNG,2,1,1
메모/NNG,3,2,1
얼핏/MAG,1,1,0
스파이/NNG,2,2,0
그만/MAG,1,1,0
밀물/NNG,2,2,0
전방위/NNG,1,1,0
변곡점/NNG,2,2,0
기울여야/VV,3,1,2
사칭/NNG,8,7,1
구한다는/VV,2,2,0
혈안/NNG,1,1,0
윈즈/NNG,3,3,0
스파이웨어/NNG,1,1,0
국방부/NNG,1,1,0
흔들/VV,5,4,1
범법/NNG,1,1,0
영원히/MAG,8,5,3
고발/NNG,4,2,2
별정/NNG,1,1,0
아무런/VA,1,1,0
악당/NNG,2,1,1
새겨들어야/VV,1,1,0
메뉴/NNG,4,3,1
명만/NNG,1,1,0
에이트/NNG,2,2,0
증권시장/NNG,7,4,3
여겨져/VV,1,1,0
하늘/NNG,2,2,0
양식/NNG,2,2,0
열망/NNG,2,2,0
불러일으킨/VV,1,1,0
거칠지/VV,1,1,0
함/NNG,1,1,0
로드쇼/NNG,2,1,1
계협/NNG,3,2,1
정시/NNG,3,2,1
반열/NNG,4,1,3
전국은행/NNG,1,1,0
강자/NNG,1,1,0
픽/MAG,1,1,0
최신식/NNG,1,1,0
나이스/NNG,1,1,0
억눌린/VV,1,1,0
징후/NNG,9,3,6
포착/NNG,16,15,1
펙/NNG,2,2,0
자릿수/NNG,4,2,2
해약/NNG,4,3,1
재정/NNG;지출/NNG;확대/NNG,1,0,1
디폴트/NNG;위험/NNG,1,0,1
정책/NNG;살피/VV,1,0,1
느껴진/VV,1,0,1
저물/VV,2,1,1
완벽히/MAG,3,2,1
정반대/NNG,3,1,2
맹목/NNG,1,0,1
전파/NNG,1,0,1
신흥시장/NNG,1,0,1
디폴트/NNG,6,5,1
심화/NNG,5,2,3
정한다고/VV,1,0,1
통고/NNG,1,0,1
빠뜨렸/VV,1,0,1
거나/NNG,3,0,3
서든/NNG,1,0,1
컴퍼스/NNG,1,0,1
민속학자/NNG,1,0,1
잠식/NNG,1,0,1
예금통화/NNG,1,0,1
겸하/VV,1,0,1
타당/NNG,3,2,1
동떨어져/VV,2,1,1
유례없이/MAG,3,2,1
풍부/NNG,7,4,3
투자분석/NNG,2,0,2
저항성/NNG,1,0,1
피시/NNG,3,1,2
모은다고/VV,1,0,1
매뉴얼/NNG,5,4,1
알선/NNG,5,0,5
부쩍/MAG,3,1,2
투자수익률/NNG,3,1,2
쓰여/VV,2,1,1
궁금해하/VV,1,0,1
놀란다/VV,2,0,2
들으면/VV,1,0,1
약/VA,1,0,1
되풀이/NNG,2,1,1
거꾸로/MAG,3,0,3
감당/NNG,7,2,5
잠재운다/VV,1,0,1
디자이너/NNG,5,1,4
들으니/VV,1,0,1
안도감/NNG,1,0,1
소리/NNG,6,0,6
갈음/NNG,2,0,2
입문/NNG,5,2,3
반갑/VA,3,2,1
증권회사/NNG,1,1,0
한시적/VAX,3,2,1
남/NNG,4,2,2
금융투자업계/NNG,1,1,0
매매수수료/NNG,4,4,0
끝낸다/VV,1,1,0
유관/NNG,3,3,0
가격/NNG;상승/NNG;성장/NNG,1,0,1
성장/NNG;기대/NNG;높/VV,1,0,1
fed/NNG;돈/NNG;풀/VV,1,0,1
저금리/NNG;양적완화/NNG,1,0,1
변동성/NNG;최저/NNG,1,0,1
안정/NNG;성장/NNG,1,0,1
많/VA;지지/NNG,1,0,1
수직/NNG,2,0,2
옮겼/VV,2,1,1
조란/NNG,1,0,1
지칭/NNG,4,1,3
관계없이/MAG,2,1,1
붕괴/NNG,10,5,5
이튿날/NNG,3,2,1
관망/NNG,3,1,2
곧장/MAG,1,0,1
자산관리회사/NNG,2,1,1
인덱스펀드/NNG,4,1,3
공소장/NNG,2,0,2
전량/NNG,4,3,1
매각/NNG,17,14,3
초유/NNG,1,0,1
휘청거렸으며/VV,1,0,1
들려오/VV,1,0,1
줄기/NNG,3,0,3
불꽃/NNG,1,0,1
피어났/VV,1,0,1
중복/NNG,5,3,2
설문/NNG,1,0,1
최대급/NNG,1,0,1
자전거래/NNG,4,1,3
가장매매/NNG,2,0,2
무죄/NNG,1,0,1
쏠린다/VV,1,0,1
뽑혔/VV,1,0,1
단점/NNG,4,2,2
과언/NNG,1,0,1
용화/NNG,1,0,1
투자조합/NNG,4,3,1
지대/NNG,8,4,4
장한/VA,4,1,3
첫발/NNG,2,0,2
딛/VV,3,1,2
바뀐다/VV,2,0,2
꼽혔/VV,4,1,3
끼쳤으며/VV,1,0,1
흔해/VA,1,0,1
사라져서/VV,1,0,1
계로/NNG,5,2,3
연저점/NNG,1,0,1
원대/NNG,1,0,1
달궜/VV,1,0,1
유동성/NNG;우려/NNG,1,1,0
지장/NNG;없/VA,2,2,0
용돈/NNG,7,6,1
팽팽히/MAG,1,1,0
맞선/VV,2,2,0
쥐여/VV,1,1,0
고픈/VA,1,1,0
새해/NNG,3,3,0
자식/NNG,2,2,0
고집/NNG,1,1,0
까마득/NNG,1,1,0
가르치/VV,1,1,0
안식년/NNG,1,1,0
문득/MAG,4,3,1
샀었/VV,1,1,0
바지/NNG,1,1,0
돌려서/VV,1,1,0
꼬깃꼬깃/MAG,1,1,0
공돈/NNG,1,1,0
콧노래/NNG,2,2,0
절로/MAG,1,1,0
장조/NNG,1,1,0
사놓/VV,1,1,0
망각/NNG,1,1,0
늪/NNG,1,1,0
집어넣/VV,2,2,0
부침/NNG,1,1,0
널뛰기/NNG,2,2,0
동력/NNG,8,7,1
댈/VV,1,1,0
난리/NNG,1,1,0
드릴/VV,1,1,0
손사래/NNG,1,1,0
찬찬히/MAG,1,1,0
힘겨웠/VA,1,1,0
힘겹/VA,2,2,0
버텨온/VV,1,1,0
변의/NNG,4,3,1
격려/NNG,1,1,0
응원/NNG,1,1,0
연말연시/NNG,1,1,0
저격/NNG,4,3,1
부근/NNG,8,4,4
여진/NNG,1,1,0
피소/NNG,3,1,2
증권거래소/NNG,5,4,1
점프/NNG,2,2,0
미묘/NNG,1,1,0
려지/NNG,2,2,0
기도/NNG,3,2,1
실리콘밸리/NNG,8,7,1
반로/NNG,1,1,0
시킨다면/VV,1,1,0
난처/NNG,1,1,0
지장/NNG,3,3,0
상장사/NNG,9,6,3
콜로/NNG,2,1,1
록/NNG,2,2,0
마이너/NNG,3,3,0
휘말린/VV,1,1,0
건전성/NNG,4,3,1
뒤따르/VV,3,3,0
기준가격/NNG,1,1,0
유동성/NNG;많/VA,1,1,0
머신/NNG,1,1,0
반감/NNG,3,2,1
불승인/NNG,1,1,0
공언/NNG,1,1,0
장본인/NNG,1,1,0
장인/NNG,5,3,2
끝난다/VV,1,1,0
가격/NNG;상승/NNG;긍정적/VAX,1,1,0
단기/NNG;가격/NNG;상승/NNG,1,1,0
상승률/NNG;그치/VV,1,1,0
가격/NNG;타격/NNG,1,1,0
가격/NNG;무너/VV,1,1,0
타격/NNG;줄/VV,3,3,0
자금/NNG;줄/VV,1,1,0
쉽/VA;하락/NNG,1,1,0
중국인/NNG,8,8,0
땀/NNG,1,1,0
흘려/VV,1,1,0
버신/NNG,1,1,0
번번이/MAG,1,1,0
봉건/NNG,1,1,0
살아온/VV,1,1,0
허무맹랑/NNG,1,1,0
이뤄냈/VV,1,1,0
광의/NNG,3,2,1
신장/NNG,23,22,1
자수성가/NNG,1,1,0
하찮/VA,1,1,0
목격/NNG,4,3,1
덧/NNG,1,1,0
씌운/VV,1,1,0
흘러도/VV,1,1,0
통치/NNG,1,1,0
법치/NNG,3,2,1
온다면/VV,1,1,0
국수/NNG,1,1,0
태/NNG,2,2,0
포퓰리즘/NNG,1,1,0
부흥/NNG,1,1,0
뒤섞인다/VV,1,1,0
진수/NNG,1,1,0
조용/NNG,2,2,0
단합/NNG,1,1,0
국적/NNG,3,1,2
끝없이/MAG,2,2,0
층위/NNG,1,1,0
갈라졌/VV,1,1,0
수긍/NNG,1,1,0
정오/NNG,2,2,0
상장기업/NNG,8,5,3
유출량/NNG,3,1,2
관측/NNG,7,4,3
능가/NNG,6,3,3
흩어져/VV,2,1,1
어카운트/NNG,3,0,3
인포/NNG,2,0,2
체해/NNG,1,0,1
사별/NNG,1,0,1
사용처/NNG,10,8,2
휴가/NNG,1,0,1
맹점/NNG,1,0,1
자동이체/NNG,2,0,2
번거/NNG,1,0,1
인포모바일/NNG,1,0,1
스쿨뱅킹/NNG,1,0,1
관리비/NNG,1,0,1
신청일/NNG,1,0,1
영업일/NNG,2,1,1
저리/MAG,1,0,1
할부/NNG,1,0,1
탈회/NNG,2,0,2
미납/NNG,1,0,1
연체/NNG,2,1,1
되돌아간다고/VV,1,0,1
떨어질까/VV,1,0,1
귀찮/VA,1,0,1
과잉/NNG,3,0,3
임시/NNG,7,6,1
쯩/NNG,2,1,1
전문점/NNG,1,0,1
탐/NNG,6,1,5
탐탐/NNG,3,0,3
어음/NNG,4,3,1
지닌다고/VV,1,0,1
인준/NNG,2,0,2
정할지/VV,1,0,1
급히/MAG,2,1,1
인플레이션/NNG;금리/NNG;상승/NNG,1,1,0
금리/NNG;상승/NNG;압력/NNG,1,1,0
가계/NNG;부채비율/NNG;높/VA,1,1,0
실물/NNG;경기/NNG;회복/NNG,1,1,0
정치/NNG;불확실성/NNG,1,1,0
침체국면/NNG;빠지/VV,1,1,0
경기/NNG;호전/NNG,1,1,0
수출/NNG;호조/NNG,2,1,1
실적/NNG;호조/NNG,1,1,0
경기/NNG;자신/NNG,1,1,0
자신/NNG;위험/NNG,1,1,0
위험/NNG;선호/NNG,1,1,0
기대/NNG;높/VA,1,1,0
코스피/NNG,21,13,8
가인/NNG,1,1,0
장중/NNG,1,1,0
대기록/NNG,1,1,0
지리한/VA,1,1,0
게걸음/NNG,1,1,0
휘말려/VV,1,1,0
박스피/NNG,1,1,0
가두리/NNG,2,1,1
양식장/NNG,1,1,0
조롱/NNG,1,1,0
침체국면/NNG,1,1,0
거르/VV,1,1,0
반전/NNG,5,3,2
일으킨/VV,4,4,0
외환위기/NNG,2,1,1
학습효과/NNG,2,1,1
여긴/VV,1,1,0
급락장/NNG,1,1,0
일으켜/VV,1,1,0
떠받친/VV,1,1,0
호전/NNG,1,1,0
수출/NNG,12,4,8
호조/NNG,5,2,3
양대/NNG,1,1,0
축인/VV,1,1,0
성장산업/NNG,1,1,0
덧붙/VV,1,1,0
불어나/VV,1,1,0
초저금리/NNG,2,2,0
운용처/NNG,1,1,0
밑바탕/NNG,1,1,0
단/NNG,11,4,7
부채비율/NNG,2,1,1
울퉁불퉁/MAG,1,1,0
상단/NNG,5,3,2
자산배분/NNG,2,2,0
경험칙/NNG,1,1,0
추/VV,11,3,8
찰나/NNG,1,1,0
반격/NNG,1,1,0
잠복/NNG,1,1,0
성장/NNG;금융시장/NNG;안정/NNG,1,1,0
인플레이션/NNG;위험/NNG,1,1,0
상대방/NNG;위험/NNG,1,1,0
전기요금/NNG;오르/VV,1,1,0
합계/NNG,2,2,0
역과/NNG,2,2,0
고해야/VV,10,8,2
입법안/NNG,1,1,0
생소/NNG,3,2,1
준하/VV,2,2,0
만일/NNG,7,5,2
산정/NNG,5,4,1
수취/NNG,3,2,1
수행자/NNG,1,1,0
바라본다/VV,1,1,0
발송/NNG,5,2,3
투자가/NNG,2,1,1
쥐약/NNG,4,3,1
밑돌/VV,12,5,7
살포/NNG,1,1,0
저축률/NNG,1,1,0
정상화/NNG,4,2,2
회전/NNG,3,3,0
메가톤/NNG,1,1,0
약속어음/NNG,1,1,0
사기업/NNG,1,1,0
시면/VV,3,3,0
본원/NNG,1,1,0
유금/NNG,1,1,0
한해서/VV,1,1,0
터/VV,2,1,1
돌아다닐/VV,1,1,0
인트라넷/NNG,3,3,0
공산/NNG,1,1,0
투영/NNG,1,1,0
침범/NNG,4,4,0
대변/NNG,3,3,0
겉/NNG,1,1,0
깨/VV,6,4,2
위계/NNG,2,2,0
수평/NNG,1,1,0
가청산/NNG,1,1,0
열람/NNG,1,1,0
뺏/VV,1,1,0
캐파/NNG,1,1,0
용적률/NNG,1,1,0
분식회계/NNG,1,1,0
굉장/NNG,1,1,0
낙수효과/NNG,1,1,0
거래법/NNG,3,3,0
외국환은행/NNG,1,1,0
다룰/VV,5,2,3
사법/NNG,10,9,1
외국환거래법/NNG,6,4,2
반대급부/NNG,1,1,0
섹터/NNG,3,1,2
만일/MAG,2,1,1
없앤/VV,1,1,0
버젓이/MAG,1,1,0
비약/NNG,1,1,0
반증/NNG,2,1,1
분권/NNG,3,2,1
미칠까/VV,2,1,1
펀더멘털/NNG,2,1,1
범용/NNG,3,1,2
사용권/NNG,1,1,0
전기요금/NNG,6,6,0
넛지/NNG,1,1,0
육성책/NNG,1,1,0
통법/NNG,1,1,0
메이/NNG,1,1,0
방정식/NNG,1,1,0
먹힐/VV,1,1,0
전력공사/NNG,1,1,0
니르/VV,1,1,0
가격/NNG;하락/NNG;가능성/NNG;높/VA,1,0,1
가격/NNG;하락/NNG;상승/NNG,1,0,1
수출금액/NNG;증가/NNG,1,0,1
불확실성/NNG;증폭/NNG,1,0,1
최악/NNG;침체/NNG,1,0,1
수출/NNG;증가/NNG,1,0,1
금리/NNG;상승/NNG,3,0,3
가격/NNG;부양/NNG,1,0,1
침체/NNG;빠지/VV,1,0,1
어느새/MAG,2,1,1
김치프리미엄/NNG,41,12,29
양호/NNG,3,2,1
후배/NNG,1,0,1
사촌/NNG,1,0,1
동생/NNG,1,0,1
수급/NNG,3,0,3
벼락/NNG,1,0,1
거지/NNG,2,1,1
상실감/NNG,2,1,1
퍼져/VV,2,1,1
추월/NNG,7,4,3
시장가치/NNG,6,3,3
진원지/NNG,1,0,1
마나/NNG,1,0,1
사려/NNG,1,0,1
살까/VV,1,0,1
마실/VV,1,0,1
봐야/VV,9,5,4
강점/NNG,1,0,1
창/NNG,4,0,4
온다/VV,6,2,4
지탱/NNG,2,0,2
군사력/NNG,1,0,1
로마/NNG,1,0,1
은화/NNG,1,0,1
흥망성쇠/NNG,2,0,2
따라갈/VV,1,0,1
나타난다면/VV,1,0,1
마이너스성장/NNG,1,0,1
괴리/NNG,5,1,4
상관계수/NNG,2,0,2
변수/NNG,5,2,3
수출금액/NNG,5,0,5
인과관계/NNG,1,0,1
계경/NNG,2,1,1
가를/VV,2,0,2
회귀분석/NNG,1,0,1
과대평가/NNG,2,0,2
배당수익률/NNG,1,0,1
기인/NNG,4,2,2
고공행진/NNG,2,1,1
만기수익률/NNG,1,0,1
조짐/NNG,3,1,2
횡/MAG,9,6,3
검찰청/NNG,6,4,2
의혹/NNG,22,20,2
드러날/VV,2,0,2
시스템/NNG;위험/NNG;줄/VV,1,0,1
달러인덱스/NNG;최저/NNG,1,0,1
위험/NNG;없애/VV,1,0,1
악영향/NNG;줄/VV,2,1,1
굴림/NNG,26,0,26
가용성/NNG,1,0,1
중개수수료/NNG,1,0,1
자간/NNG,1,0,1
직거래/NNG,1,0,1
슬로/NNG,1,0,1
바자/NNG,2,0,2
스팀/NNG,2,1,1
잇/NNG,3,2,1
불러일으킨다/VV,1,0,1
자나/NNG,1,0,1
밀정/NNG,4,0,4
패스워드/NNG,6,0,6
암호문/NNG,1,0,1
올바른지/VA,1,0,1
공개키/NNG,2,0,2
인증서/NNG,8,3,5
굴림/VV,1,0,1
까다롭/VA,3,1,2
허다/NNG,1,0,1
기치/NNG,1,0,1
아이러니/NNG,7,4,3
호문/NNG,1,0,1
집착/NNG,2,0,2
비효율/NNG,5,2,3
명목/NNG,6,2,4
무늬/NNG,1,0,1
전가/NNG,4,2,2
자칫/MAG,7,2,5
명심/NNG,2,0,2
국방/NNG,4,2,2
고찰/NNG,1,0,1
방어/NNG,4,3,1
무허가/NNG,1,0,1
다룬다는/VV,1,0,1
르네상스/NNG,1,0,1
남두/NNG,3,2,1
이븐/NNG,1,0,1
가져갈/VV,2,1,1
댄/VV,1,0,1
직책/NNG,2,1,1
기업인수목적회사/NNG,3,1,2
베일리/NNG,1,0,1
야/NNG,2,0,2
안점/NNG,4,3,1
헤르메스/NNG,1,0,1
술집/NNG,2,0,2
식도/NNG,2,0,2
이토/NNG,3,0,3
마진거래/NNG,10,0,10
델파이/NNG,5,3,2
반비례/NNG,2,0,2
젬/NNG,3,0,3
체납/NNG,2,1,1
배상/NNG,4,3,1
택/NNG,10,8,2
원년/NNG,2,2,0
앵글/NNG,2,2,0
콘텐츠전송네트워크/NNG,1,1,0
네임/NNG,2,1,1
미들웨어/NNG,2,1,1
뒤처지/VV,4,4,0
착근/NNG,1,1,0
결실/NNG,1,1,0
억/MAG,8,4,4
데이트/NNG,10,9,1
대역폭/NNG,1,1,0
아이리스/NNG,2,2,0
셰어/NNG,11,4,7
오아시스/NNG,4,4,0
불거지/VV,4,3,1
휴일/NNG,2,2,0
근무일/NNG,1,1,0
공직/NNG,1,1,0
물러난다는/VV,1,1,0
공문/NNG,3,3,0
테러리스트/NNG,3,1,2
시스템/NNG;장애/NNG,1,1,0
마진/NNG,4,1,3
계속거래/NNG,1,1,0
탄핵소추안/NNG,1,1,0
사망자/NNG,1,1,0
곤두박질친/VV,1,1,0
아모리/NNG,1,1,0
언성/NNG,1,1,0
최고조/NNG,1,1,0
비꼬/VV,1,1,0
파트/NNG,24,15,9
일체/MAG,1,1,0
쪼갤/VV,1,1,0
상시/NNG,3,3,0
청량/NNG,1,1,0
단숨에/MAG,2,1,1
사과문/NNG,1,1,0
높/MAG,5,4,1
유동성/NNG;축소/NNG;위험/NNG,1,0,1
국채/NNG;금리/NNG;오르/VV,1,0,1
하락/NNG;멈추/VV;상승/NNG,1,0,1
안전자산/NNG;선호/NNG,1,0,1
유동성/NNG;위축/NNG,1,0,1
금리/NNG;성장/NNG,1,0,1
성장/NNG;가속/NNG,1,0,1
자산/NNG;회피/NNG,1,0,1
금리/NNG;거품/NNG,1,0,1
비용/NNG;오르/VV,1,0,1
상징/NNG,4,2,2
유동성랠리/NNG,1,0,1
알파벳/NNG,1,0,1
놓였/VV,3,2,1
혹평/NNG,1,0,1
가도/NNG,2,0,2
가의/NNG,1,0,1
낙관론자/NNG,2,1,1
밸류에이션/NNG,1,0,1
쇼트/NNG,1,0,1
공매도/NNG,25,20,5
파고/NNG,1,0,1
예언/NNG,1,0,1
전철/NNG,3,1,2
운용자산/NNG,10,2,8
온스/NNG,16,8,8
금값/NNG,2,1,1
랠리/NNG,6,3,3
간지/NNG,2,1,1
연기금/NNG,1,0,1
미래현금흐름/NNG,1,0,1
대열/NNG,2,1,1
빌려다/VV,3,2,1
매듭짓/VV,1,0,1
피고인/NNG,1,0,1
변호/NNG,1,0,1
분량/NNG,2,1,1
뒤/VV,1,0,1
싸여/VV,1,0,1
들여다볼/VV,1,0,1
실마리/NNG,1,0,1
메꾸/VV,1,0,1
꾸며/VV,2,0,2
다툼/VV,1,0,1
벌여/VV,2,1,1
은폐/NNG,4,2,2
항소심/NNG,1,0,1
상고법원/NNG,1,0,1
전원/NNG,2,1,1
합의체/NNG,1,0,1
번복/NNG,3,0,3
걸릴지/VV,1,0,1
미지수/NNG,3,1,2
오갔/VV,24,11,13
자정/NNG,4,1,3
쿼트/NNG,3,0,3
마틴루터킹데이/NNG,1,0,1
차분/NNG,3,2,1
돌아갔/VV,2,0,2
과감/NNG,1,0,1
너스/NNG,29,18,11
차입거래/NNG,9,2,7
지쳐/VV,1,0,1
가격저항/NNG,3,0,3
부딪힐/VV,1,0,1
부딪혔/VV,1,0,1
천문학/NNG,6,5,1
배타성/NNG,1,0,1
대출/NNG;금리/NNG;높/VA,2,1,1
투자/NNG;늘/VV,3,2,1
안도/NNG,1,0,1
행사가격/NNG,1,0,1
짐/NNG,6,2,4
홀드/NNG,5,1,4
유할/VV,2,0,2
무한히/MAG,1,0,1
다우존스/NNG,1,0,1
수탁업체/NNG,6,4,2
코이네/NNG,1,0,1
페어/NNG,13,3,10
스톡/NNG,19,8,11
튼/VV,15,3,12
과매도/NNG,5,2,3
장단기/NNG,2,1,1
끌어왔/VV,2,1,1
샬/NNG,1,0,1
후퇴/NNG,3,0,3
함지/NNG,3,1,2
수익성/NNG;좋/VA,1,1,0
일컫/VV,5,4,1
우아/NNG,2,2,0
자상/NNG,1,1,0
뗐/VV,1,1,0
민족/NNG,2,2,0
이뤄지게/VV,1,1,0
버티/VV,2,2,0
패인/NNG,1,1,0
사용가치/NNG,1,1,0
답할/VV,2,2,0
긱이코노미/NNG,1,1,0
포장/NNG,3,3,0
산업재해/NNG,1,1,0
점심/NNG,5,2,3
라이더/NNG,1,1,0
건네/VV,1,1,0
멧/NNG,1,1,0
섹/NNG,1,1,0
출현/NNG,4,2,2
다뤄질/VV,1,1,0
이전/NNG;고점/NNG;회복/NNG,1,0,1
마이너스/NNG;떨어/VV,2,0,2
이동평균/NNG,31,10,21
사들일/VV,2,1,1
강하/VV,3,2,1
사라진다면/VV,1,0,1
몰려올/VV,1,0,1
게임스/NNG,2,0,2
에디터/NNG,1,0,1
숨통/NNG,1,0,1
콕/MAG,1,0,1
예전/NNG,3,1,2
숙명/NNG,1,0,1
곤두박질치/VV,1,0,1
채워/VV,1,0,1
밑돌/NNG,1,0,1
윗돌/NNG,1,0,1
친/VV,2,1,1
거짓말/NNG,3,2,1
속인/VV,1,0,1
약식/NNG,2,1,1
턱없이/MAG,2,1,1
돌려받/VV,7,4,3
갈라지/VV,1,0,1
산발/NNG,1,0,1
갈래/NNG,10,1,9
끊겨/VV,1,0,1
무효/NNG,2,1,1
도하기/NNG,1,0,1
죽/NNG,1,0,1
버려진/VV,2,1,1
중지/NNG,5,4,1
들여다/VV,5,2,3
맞물린/VV,1,0,1
바이트/NNG,4,1,3
송자/NNG,2,0,2
담겼/VV,7,4,3
트림/NNG,5,0,5
슈어드/NNG,1,0,1
루카스/NNG,2,0,2
찌/VV,1,0,1
속임수/NNG,1,0,1
써야/VV,6,2,4
체일/NNG,1,0,1
종결/NNG,1,0,1
지극히/MAG,1,0,1
접종/NNG,9,2,7
체크인/NNG,1,0,1
출입/NNG,1,0,1
사회안전망/NNG,1,0,1
시중/NNG;돈/NNG;풀/VV,1,1,0
금융안정/NNG;해치/VV,1,1,0
닥/MAG,12,10,2
손자/NNG,2,2,0
차남/NNG,1,1,0
약자/NNG,2,2,0
개발계획/NNG,1,1,0
소각/NNG,11,4,7
종속회사/NNG,4,4,0
심판/NNG,2,2,0
심판원/NNG,1,1,0
불렸/VV,3,3,0
부메랑/NNG,1,1,0
무조/NNG,1,1,0
탈루/NNG,3,3,0
실상/MAG,1,1,0
셀프/NNG,3,3,0
더블/NNG,5,5,0
지켰/VV,1,1,0
법인설립/NNG,2,2,0
월로/NNG,5,4,1
노영/NNG,1,1,0
마쳤으나/VV,1,1,0
부지기수/NNG,1,1,0
구설수/NNG,1,1,0
무사히/MAG,2,2,0
뺐/VV,1,1,0
존재감/NNG,1,1,0
감탄/NNG,1,1,0
그린다/VV,1,1,0
게/NNG,13,13,0
테이퍼링/NNG,27,20,7
물으며/VV,1,1,0
발목/NNG,1,1,0
농구/NNG,5,3,2
구단/NNG,3,2,1
서브/NNG,2,2,0
밈/NNG,17,15,2
도지/NNG,114,73,41
어려/VV,1,1,0
번/VV,8,4,4
마다/VV,1,1,0
개인사업자/NNG;대출/NNG;확대/NNG,1,1,0
대출/NNG;공급/NNG;확대/NNG,1,1,0
매출/NNG;늘/VV,2,1,1
추렸/VV,1,1,0
사업부/NNG,4,1,3
와해/NNG,1,1,0
미달/NNG,3,2,1
구조조정/NNG,2,1,1
감원/NNG,1,1,0
음성/NNG,4,3,1
고도/NNG,6,4,2
머스트/NNG,1,1,0
농담/NNG,9,4,5
장난삼/VV,6,6,0
의거/NNG,2,2,0
촬영/NNG,3,3,0
인신/NNG,1,1,0
용정/NNG,1,1,0
비쳤/VV,4,4,0
결산/NNG,1,1,0
저신용자/NNG,8,8,0
일으켜야/VV,1,1,0
장외/NNG,5,4,1
방문자/NNG,2,1,1
따라오/VV,2,2,0
목표가격/NNG,7,6,1
둬야/VV,4,1,3
개인사업자/NNG,3,3,0
미정/NNG,1,1,0
사잇돌/NNG,1,1,0
위험관리/NNG,8,4,4
대출비중/NNG,2,1,1
투자/NNG;가격/NNG;높/VA,1,1,0
가격/NNG;떨어/VV,4,2,2
공급/NNG;쉽/VA,1,1,0
펀/NNG,9,8,1
금인/NNG,1,1,0
일간지/NNG,1,1,0
손해배상/NNG,2,1,1
책임진다/VV,1,1,0
채털리/NNG,1,1,0
연거푸/MAG,2,2,0
치켜/VV,1,1,0
이티/NNG,1,1,0
비시/NNG,3,2,1
티브이/NNG,1,1,0
일쑤/NNG,2,2,0
투자대상/NNG,7,6,1
저금리정책/NNG,2,2,0
여긴다고/VV,2,1,1
운용사/NNG,2,1,1
지비/NNG,2,2,0
티시/NNG,2,2,0
전환사채/NNG,2,2,0
발전기금/NNG,1,1,0
브리지/NNG,2,1,1
워터/NNG,7,4,3
많/VA;가격/NNG;상승/NNG,1,1,0
대출/NNG;한도/NNG;높/VA,1,1,0
지표/NNG;상회/NNG,1,1,0
강하/VA;상승/NNG,2,2,0
높/VA;상승/NNG,1,1,0
헉/MAG,1,1,0
일과/NNG,1,1,0
팔린/VV,3,2,1
이럴/VV,3,2,1
초/NNG,5,2,3
중첩/NNG,1,1,0
장기간/NNG,5,3,2
우상/NNG,1,1,0
향할/VV,3,2,1
스톱/NNG,13,11,2
베츠/NNG,7,7,0
숏스퀴즈/NNG,12,12,0
펼쳐서/VV,1,1,0
일으켜서/VV,1,1,0
도미노/NNG,1,1,0
걸쳐서/VV,3,3,0
급등락/NNG,2,2,0
증거금/NNG,8,7,1
최대손실/NNG,1,1,0
거쳐서/VV,1,1,0
마진콜/NNG,2,1,1
반대매매/NNG,2,2,0
매물/NNG,2,1,1
잔금/NNG,3,3,0
텍/NNG,6,5,1
델/VV,3,3,0
밸류/NNG,1,1,0
신탁상품/NNG,11,11,0
아들/NNG,3,2,1
유동성/NNG;떨어/VV,1,1,0
재귀/NNG,1,1,0
성사/NNG,3,3,0
는다/VV,1,1,0
득/NNG,1,1,0
처가/NNG,1,1,0
스파르탄/NNG,8,8,0
벤처펀드/NNG,2,1,1
피피/MAG,1,1,0
신용협동조합/NNG,1,1,0
개방형시스템/NNG,2,1,1
핵/NNG,1,1,0
미사일/NNG,1,1,0
탁해서/VA,1,1,0
낡/VA,2,1,1
길래/MAG,1,1,0
폴리오/NNG,2,1,1
멘트/NNG,1,1,0
사외이사/NNG,2,2,0
맥고/NNG,1,1,0
옮긴다/VV,1,1,0
플레이스/NNG,5,5,0
숍/NNG,4,4,0
협력업체/NNG,1,1,0
디시/NNG,3,3,0
이퀄/NNG,1,1,0
엄과/NNG,1,1,0
꼭지/NNG,1,1,0
장식/NNG,3,3,0
당당히/MAG,1,1,0
류로/NNG,4,4,0
느껴/VV,2,2,0
우당탕/MAG,1,1,0
곡예/NNG,1,1,0
난무/NNG,4,3,1
쉬/VV,1,1,0
기념비/NNG,1,1,0
오랫동안/MAG,1,1,0
기다린/VV,1,1,0
금융안정/NNG;우려/NNG,1,1,0
위험/NNG;흡수/NNG,1,1,0
금리/NNG;과도/NNG,1,1,0
수익/NNG;오르/VV,7,5,2
금리/NNG;낮/VA,2,1,1
대출/NNG;줄/VV,1,1,0
수완/NNG,2,2,0
완충/NNG,1,1,0
콤/NNG,2,1,1
핏/NNG,1,1,0
씻/VV,1,1,0
초과이익/NNG,1,1,0
하이일드/NNG,1,1,0
맞춰야/VV,2,2,0
바트/NNG,4,4,0
계좌수/NNG,1,1,0
여운/NNG,2,2,0
가시/VV,1,1,0
차값/NNG,1,1,0
할부판매/NNG,1,1,0
일군/NNG,1,1,0
타자/NNG,1,1,0
일선/NNG,3,2,1
달러원/NNG,1,1,0
징수/NNG,8,6,2
매매차익/NNG,2,2,0
사고방식/NNG,3,3,0
외침/NNG,1,1,0
선물시장/NNG,9,6,3
매수비중/NNG,1,1,0
밀집/NNG,2,1,1
페퍼민트/NNG,2,2,0
자산/NNG;가격/NNG;증가/NNG,1,1,0
시장분석/NNG,1,1,0
명품/NNG,5,4,1
작하/VV,4,2,2
축구/NNG,1,1,0
캘리/NNG,1,1,0
뜰/VV,2,2,0
손꼽/VV,1,1,0
가산/NNG,1,1,0
구비/NNG,2,2,0
통지/NNG,5,4,1
두마/NNG,1,1,0
구한다/VV,2,1,1
맬/VV,2,2,0
금시장/NNG,5,4,1
거래비용/NNG,5,4,1
사립/NNG,1,1,0
취해왔/VV,1,1,0
생일/NNG,1,1,0
고백/NNG,1,1,0
작과/NNG,2,2,0
광기/NNG,2,1,1
단언/NNG,4,2,2
통화정책/NNG;금융안정/NNG,1,0,1
금납/NNG,2,0,2
대전환/NNG,3,0,3
발표회/NNG,1,0,1
모태펀드/NNG,1,0,1
혁신클러스터/NNG,1,0,1
홍릉/NNG,1,0,1
메타버스/NNG,28,11,17
클러스터/NNG,8,1,7
혁신성장/NNG,1,0,1
털/VV,4,1,3
예상밖/NNG,1,0,1
딜/NNG,2,1,1
인수단/NNG,2,0,2
출석/NNG,10,6,4
확충/NNG,1,0,1
시뮬레이션/NNG,1,0,1
법화/NNG,2,0,2
정에/NNG,1,0,1
안표/NNG,1,0,1
준화/NNG,1,0,1
응방/NNG,1,0,1
수익/NNG;급증/NNG,1,1,0
급락/NNG;방어/NNG,1,1,0
기득권/NNG,2,2,0
도쿄/NNG,1,1,0
체크/NNG,3,2,1
원동력/NNG,2,1,1
뜨/VV,5,5,0
늑장/NNG,1,1,0
찬란/NNG,1,1,0
기술진/NNG,1,1,0
챙/MAG,2,2,0
장단점/NNG,2,2,0
송금방식/NNG,3,3,0
컨버전스/NNG,4,4,0
클로즈드/NNG,1,1,0
알파버전/NNG,2,1,1
장하/VA,1,1,0
갱신/NNG,4,3,1
연령대/NNG,1,1,0
금융활동/NNG,1,1,0
다용도/NNG,1,1,0
초과수익/NNG,1,1,0
혹해/VV,1,1,0
법망/NNG,1,1,0
다원화/NNG,2,2,0
상하/VV,2,2,0
유사수신행위/NNG,2,1,1
총책/NNG,3,3,0
피라미드/NNG,1,1,0
꼬리/NNG,2,2,0
영진/NNG,1,1,0
군도/NNG,1,1,0
끌어들인/VV,1,1,0
데려온/VV,1,1,0
추천인/NNG,2,2,0
기입/NNG,2,1,1
실상/NNG,1,1,0
적금/NNG,8,3,5
착점/NNG,1,1,0
꼬박꼬박/MAG,1,1,0
간책/NNG,1,1,0
닉스/NNG,3,3,0
스튜디오/NNG,4,3,1
역도/NNG,1,1,0
시스템통합/NNG,1,1,0
찾아오/VV,1,1,0
찾아왔/VV,5,4,1
대량매매/NNG,1,1,0
블록딜/NNG,1,1,0
된다면서/VV,1,1,0
억울/NNG,1,1,0
누명/NNG,1,1,0
몰아갔/VV,1,1,0
종적/NNG,1,1,0
준다고/VV,1,1,0
겹친다는/VV,1,1,0
턴/VV,1,1,0
상담원/NNG,2,2,0
본/NNG,3,2,1
설거지/NNG,3,3,0
조종/NNG,14,7,7
떠넘기/VV,1,1,0
은어/NNG,2,1,1
바이백/NNG,1,1,0
수금/NNG,1,1,0
찾아온/VV,4,2,2
청할/VV,1,1,0
유액/NNG,1,1,0
떨어졌으니/VV,1,1,0
맵/NNG,1,1,0
헷갈려/VV,1,1,0
포즈/NNG,2,1,1
가격/NNG;넘/VV;상승/NNG,1,1,0
금리/NNG;하락/NNG,1,1,0
지표/NNG;떨어/VV,1,1,0
회복/NNG;어렵/VA,1,1,0
첫날/NNG,5,4,1
미지/NNG,1,1,0
불러일으킬/VV,2,2,0
티핑포인트/NNG,1,1,0
알린/VV,1,1,0
하락시/NNG,1,1,0
매수기회/NNG,4,4,0
비틀/NNG,1,1,0
손절/NNG,5,3,2
가격선/NNG,1,1,0
참조/NNG,9,6,3
이어가기/NNG,2,1,1
모래/NNG,2,2,0
형국/NNG,2,1,1
줄임/VV,3,3,0
매수포지션/NNG,6,5,1
받아들일지/VV,1,1,0
시큐리티/NNG,10,10,0
신고센터/NNG,6,6,0
횡령/NNG,7,1,6
떠들석/NNG,1,1,0
굵직/NNG,4,3,1
증적/NNG,1,1,0
상승률/NNG;넘/VV;못하/VX,1,1,0
막대/NNG;돈/NNG;풀/VV,1,1,0
기대/NNG;오르/VV,1,1,0
대장/NNG,5,3,2
우/MAG,2,1,1
돈값/NNG,1,1,0
덧붙일/VV,1,1,0
정순/NNG,7,5,2
시오/NNG,3,3,0
증하/VA,2,2,0
묶여/VV,4,2,2
가치평가/NNG,7,7,0
쓰인/VV,1,1,0
활용도/NNG,1,1,0
리크/NNG,1,1,0
규격/NNG,5,4,1
조달자금/NNG,1,1,0
오에스/NNG,1,1,0
고양이/NNG,7,5,2
희귀/NNG,1,1,0
우표/NNG,2,1,1
적자/NNG,3,2,1
초당/NNG,3,3,0
모아도/VV,1,1,0
모여야/VV,1,1,0
인수설/NNG,1,1,0
슬러/VV,17,15,2
재/VV,4,2,2
양회/NNG,1,1,0
연례/NNG,5,3,2
중상위/NNG,1,1,0
줌/NNG,1,1,0
쎄타/NNG,2,2,0
넥스트/NNG,2,2,0
구미/NNG,1,1,0
간과/NNG,3,3,0
매겨진/VV,2,2,0
외환시장/NNG,2,1,1
바벨/NNG,1,1,0
후오/NNG,1,1,0
자산/NNG;급증/NNG,1,0,1
매우/MAG;위험/NNG,2,1,1
속한/VV,2,0,2
획/NNG,2,1,1
칸나/NNG,1,0,1
실정/NNG,3,1,2
되새기/VV,2,0,2
두드러지/VV,4,0,4
여일/NNG,2,1,1
프라이드/NNG,7,5,2
일러/VV,2,1,1
배리/NNG,2,0,2
관지/NNG,1,0,1
도착/NNG,5,3,2
답답/NNG,1,0,1
악물/VV,1,0,1
견뎌야/VV,1,0,1
하소연/NNG,1,0,1
정직/NNG,1,0,1
일원/NNG,1,0,1
스며드/VV,1,0,1
태클/NNG,1,0,1
걸어왔/VV,1,0,1
검열망/NNG,1,0,1
폐/NNG,1,0,1
빙산/NNG,2,1,1
지당/NNG,2,0,2
싫어하/VV,2,1,1
밀접/NNG,4,2,2
뒤얽혀/VV,1,0,1
결여/NNG,1,0,1
라이브/NNG,3,1,2
타이밍/NNG,3,0,3
건드려/VV,1,0,1
자도/NNG,1,0,1
동/VV,1,0,1
우연/NNG,4,2,2
답장/NNG,1,0,1
재검토/NNG,2,1,1
스피드/NNG,2,0,2
버거/NNG,1,0,1
레시피/NNG,1,0,1
변명/NNG,1,0,1
독재자/NNG,1,0,1
휘두르/VV,2,1,1
가질수록/VV,2,1,1
상관/NNG,2,1,1
극소수/NNG,2,1,1
상반/NNG,3,1,2
방책/NNG,1,0,1
독점금지법/NNG,1,0,1
완하/NNG,2,0,2
품위/NNG,1,0,1
인터넷플랫폼/NNG,2,1,1
질/VV,3,2,1
큐레이팅/NNG,2,0,2
큐레이터/NNG,3,0,3
마음껏/MAG,1,0,1
양다리/NNG,1,0,1
개발팀/NNG,2,1,1
복귀/NNG,3,2,1
텐더/NNG,3,1,2
민트/NNG,4,2,2
장기물/NNG;활성화/NNG,1,1,0
변동성/NNG;취약/NNG,1,1,0
자금/NNG;성공/NNG,2,1,1
대출/NNG;짧/VA,1,1,0
낮/VA;위험/NNG,1,1,0
칼/NNG,5,3,2
재능/NNG,2,2,0
정신/NNG,14,10,4
이룩/NNG,2,1,1
감명/NNG,1,1,0
가로/NNG,2,2,0
줘서/VV,1,1,0
연이율/NNG,2,2,0
완만/NNG,1,1,0
수록/NNG,1,1,0
상승곡선/NNG,2,2,0
조기상환/NNG,1,1,0
선형/NNG,1,1,0
시국/NNG,1,1,0
꼬여/VV,1,1,0
역전/NNG,7,6,1
채무자/NNG,3,3,0
비약적/VAX,1,1,0
과담/NNG,1,1,0
대출자/NNG,2,2,0
투기자/NNG,1,1,0
출분/NNG,1,1,0
무방/NNG,2,2,0
장기물/NNG,2,1,1
원해/NNG,2,2,0
기대/NNG;인플레이션/NNG;물가/NNG;상승/NNG,1,1,0
물가/NNG;상승/NNG;위험/NNG;높/VA,1,1,0
소비자/NNG;물가/NNG;상승/NNG,1,1,0
물가/NNG;상승/NNG;가속/NNG,1,1,0
금리/NNG;상승/NNG;위험/NNG,1,1,0
성장/NNG;가능성/NNG;높/VA,1,1,0
자금/NNG;시중/NNG;풀/VV,1,1,0
위험/NNG;높/VA;않/VX,1,1,0
금융시장/NNG;위축/NNG,1,1,0
물가/NNG;오르/VV,1,1,0
통화/NNG;줄/VV,1,1,0
우려/NNG;않/VX,1,1,0
빗/VV,10,6,4
잇/VV,6,5,1
종과/NNG,2,2,0
오픈베타서비스/NNG,1,1,0
통틀어/MAG,1,1,0
이라/VV,1,1,0
적다/NNG,2,2,0
업소/NNG,3,1,2
루나/NNG,10,10,0
원선/NNG,1,1,0
발행가/NNG,2,2,0
마로/NNG,1,1,0
투자이익/NNG,1,1,0
샐러드/NNG,1,1,0
노트/NNG,2,1,1
멜/VV,1,1,0
대응책/NNG,3,2,1
노동통계국/NNG,1,1,0
근원/NNG,3,2,1
상존/NNG,2,2,0
뒤쳐질/VV,1,1,0
달한다고/VV,2,1,1
가져간다/VV,1,1,0
가격/NNG;상승/NNG;견인/NNG,2,2,0
금융시장/NNG;위험/NNG,1,1,0
금융시장/NNG;상승/NNG,1,1,0
경기/NNG;과열/NNG,1,1,0
우려/NNG;경감/NNG,1,1,0
백도어/NNG,1,1,0
클릭/NNG,5,5,0
욕구/NNG,2,2,0
경감/NNG,1,1,0
숨겨/VV,2,2,0
예정일/NNG,2,2,0
투자유의종목/NNG,7,6,1
시피/NNG,1,1,0
오리/VV,1,1,0
버지/NNG,1,1,0
곤란/NNG,2,1,1
상기/MAG,1,1,0
사유/NNG,3,2,1
딴/NNG,1,1,0
겁/NNG,3,2,1
대사/NNG,2,2,0
막스/NNG,1,1,0
바커스/NNG,1,1,0
적임자/NNG,2,2,0
불확실성/NNG;해소/NNG,2,0,2
지표/NNG;마이너스/NNG,1,0,1
던데/VV,1,0,1
위도/NNG,1,0,1
부칙/NNG,1,0,1
별것/NNG,1,0,1
만전/NNG,1,0,1
잡힐지/VV,1,0,1
합/NNG,13,4,9
부진/NNG,1,0,1
개장/NNG,2,1,1
억압/NNG,1,0,1
뚜렷이/MAG,1,0,1
상한선/NNG,2,1,1
자신/NNG;오르/VV,1,1,0
우려/NNG;줄/VV,1,1,0
거품/NNG;크/VV,1,1,0
셰/NNG,2,2,0
피어/NNG,1,1,0
재판매/NNG,3,2,1
성립/NNG,4,1,3
혹자/NNG,2,2,0
영구히/MAG,3,2,1
원본/NNG,7,6,1
무단/NNG,2,1,1
복사본/NNG,1,1,0
회화/NNG,1,1,0
환경친화/NNG,1,1,0
아트/NNG,49,29,20
인공/NNG,2,2,0
냉철/NNG,1,1,0
블로/NNG,7,1,6
전략적투자/NNG,3,2,1
장병/NNG,2,1,1
전통자산/NNG,6,3,3
장부가액/NNG,1,1,0
위로금/NNG,5,5,0
골목/NNG,2,2,0
상권/NNG,2,2,0
마리/NNG,2,2,0
공약/NNG,4,4,0
립도/NNG,2,1,1
신용카드회사/NNG,1,1,0
아태/NNG,4,4,0
지원계획/NNG,1,1,0
둬/VV,2,1,1
지친/VV,1,1,0
바젤은행감독위원회/NNG,1,1,0
공동발행/NNG,1,1,0
다뤄/VV,4,4,0
맞춰서/VV,1,1,0
신재/NNG,1,1,0
에너지원/NNG,9,7,2
지리/NNG,5,4,1
가격/NNG;단기/NNG;급등/NNG,1,0,1
산업/NNG;안정/NNG,1,0,1
비용/NNG;늘/VV,1,0,1
게임기/NNG,1,0,1
푸념/NNG,1,0,1
철구/NNG,2,0,2
본명/NNG,2,1,1
팔/NNG,5,2,3
거느린/VV,1,0,1
초단타매매/NNG,1,0,1
장면/NNG,5,3,2
잣대/NNG,1,0,1
들이대/VV,1,0,1
암암리/NNG,1,0,1
원단위/NNG,1,0,1
자면/NNG,1,0,1
비할/VV,1,0,1
모를/VV,2,0,2
응당/MAG,2,1,1
민원/NNG,7,3,4
사각지대/NNG,1,0,1
눈뜨/VV,1,0,1
한해/VV,2,1,1
추진력/NNG,1,0,1
사행/NNG,4,1,3
아무래도/MAG,4,1,3
숨길/VV,1,0,1
현안/NNG,1,1,0
문답/NNG,1,1,0
가교/NNG,1,1,0
지워버릴/VV,2,2,0
기술사/NNG,2,2,0
닿/VV,1,1,0
에리카/NNG,1,1,0
안지/NNG,1,1,0
도라/NNG,1,1,0
럼/NNG,8,8,0
심기/NNG,2,2,0
웨/VV,2,2,0
허의/NNG,1,1,0
가수금/NNG,1,1,0
낸다고/VV,1,1,0
공방/NNG,1,1,0
성숙도/NNG,3,1,2
답했/VV,3,2,1
그래프/NNG,29,20,9
혼동/NNG,1,1,0
부연/NNG,1,1,0
투자/NNG;떠오르/VV,1,0,1
공급/NNG;낮/VA,1,0,1
놓칠까/VV,3,1,2
황금/NNG,8,7,1
표하/VV,1,0,1
여겨진/VV,2,1,1
치부/NNG,1,0,1
직무/NNG,2,1,1
하워드막스/NNG,1,0,1
오크트리/NNG,1,0,1
창구/NNG,5,0,5
연수/NNG,1,0,1
수료/NNG,1,0,1
대성공/NNG,1,0,1
자극/NNG,4,2,2
혹여/MAG,1,0,1
황금알/NNG,1,0,1
거위/NNG,1,0,1
놓칠/VV,3,0,3
모의/NNG,5,4,1
빼놓/VV,4,2,2
본위/NNG,2,1,1
속단/NNG,1,0,1
매료/NNG,2,1,1
순유출/NNG,3,0,3
우도/NNG,1,0,1
유동량/NNG,2,0,2
풀어놓/VV,1,0,1
대비책/NNG,1,0,1
레일/NNG,3,0,3
바젤/NNG,5,4,1
좌측/NNG,1,0,1
날개/NNG,1,0,1
플랩/NNG,2,0,2
낙찰자/NNG,4,1,3
진품/NNG,1,0,1
대표단/NNG,1,0,1
데우/VV,2,0,2
금융위기/NNG;악화/NNG,1,1,0
거품/NNG;터지/VV,3,2,1
유동성/NNG;높/VA,1,1,0
가격/NNG;넘/VV,2,2,0
체불/NNG,11,5,6
가토/NNG,2,1,1
표지/NNG,2,2,0
재정난/NNG,1,1,0
경질/NNG,1,1,0
리비/NNG,1,1,0
인스타그램/NNG,6,6,0
예시/NNG,3,3,0
반려/NNG,1,1,0
사료/NNG,1,1,0
양말/NNG,1,1,0
꼽힐/VV,1,1,0
공생/NNG,2,2,0
눈부신/VA,2,1,1
배워야/VV,2,2,0
이뤄야/VV,1,1,0
거함/NNG,1,1,0
공함/NNG,2,2,0
순기능/NNG,1,1,0
역기능/NNG,1,1,0
옹호자/NNG,2,2,0
예술가/NNG,13,13,0
자금력/NNG,1,1,0
무장/NNG,1,1,0
수집가/NNG,7,6,1
갤러리/NNG,2,2,0
중고/NNG,4,3,1
원작자/NNG,4,2,2
수혜자/NNG,1,1,0
낙찰/NNG,8,2,6
미술/NNG,8,7,1
고유자산/NNG,1,1,0
인지도/NNG,6,5,1
해답/NNG,2,2,0
다양화/NNG,2,2,0
로열티/NNG,2,2,0
운하/NNG,9,9,0
에버/NNG,3,3,0
좌초/NNG,2,2,0
묶인/VV,2,1,1
이루/MAG,1,1,0
운송/NNG,1,1,0
선적/NNG,1,1,0
원그래프/NNG,1,1,0
교역/NNG,1,1,0
직관/NNG,1,1,0
견조/NNG,2,1,1
행로/NNG,1,1,0
성국/NNG,1,1,0
패밀리오피스/NNG,1,1,0
부추긴/VV,1,1,0
옵션시장/NNG,7,3,4
기준점/NNG,1,1,0
쏠릴/VV,1,1,0
추상/NNG,2,1,1
벌였/VV,1,1,0
사원/NNG,1,1,0
지배회사/NNG,1,1,0
고객자금/NNG,1,1,0
학술/NNG,2,2,0
탐색/NNG,3,1,2
투자기회/NNG,3,2,1
증권거래법/NNG,2,2,0
견지/NNG,2,2,0
소비자/NNG;피해/NNG,1,1,0
인도인/NNG,7,7,0
쉽사리/MAG,2,1,1
거인/NNG,1,1,0
와지/NNG,2,1,1
중위연령/NNG,1,1,0
능숙/NNG,1,1,0
시프/NNG,3,3,0
젊은이/NNG,3,3,0
기가바이트/NNG,1,1,0
지닌다는/VV,1,1,0
소극적/VAX,3,1,2
매일/NNG,1,1,0
거래비중/NNG,1,1,0
소닉/NNG,16,15,1
휴업/NNG,1,1,0
휩싸였/VV,2,2,0
콜센터/NNG,2,1,1
불/NNG,9,8,1
닫혀/VV,1,1,0
등기/NNG,1,1,0
공실/NNG,1,1,0
현격/NNG,1,1,0
비우/VV,1,1,0
담담/NNG,1,1,0
교대/NNG,1,1,0
출근/NNG,3,1,2
우편물/NNG,1,1,0
고맙/VA,2,1,1
스펙트럼/NNG,2,1,1
만료/NNG,5,4,1
유분/NNG,3,1,2
그친다/VV,3,1,2
잠재/NNG;인플레이션/NNG;위험/NNG,1,1,0
모야/NNG,4,2,2
휴면/NNG,1,1,0
정체/NNG,7,2,5
다각화/NNG,7,4,3
등급평가/NNG,1,1,0
이지머니/NNG,1,1,0
진행자/NNG,3,2,1
팟/NNG,1,1,0
캐스트/NNG,1,1,0
가격/NNG;거품/NNG,1,0,1
거품/NNG;빠지/VV,1,0,1
많/VA;하락/NNG,1,0,1
돈/NNG;많/VA,2,1,1
재정거래/NNG,2,0,2
훌쩍/MAG,3,1,2
공업/NNG,2,0,2
미숙/NNG,1,0,1
성숙기/NNG,1,0,1
과열국면/NNG,1,0,1
평균값/NNG,3,0,3
미뤄볼/VV,1,0,1
때때로/MAG,1,0,1
짬/NNG,1,0,1
해봅시다/VV,1,0,1
아/NNG,1,0,1
방귀/NNG,4,0,4
녹/VV,1,0,1
남자/NNG,1,0,1
몰라/VV,3,2,1
화들짝/MAG,1,0,1
까맣/VA,1,0,1
예술인/NNG,1,0,1
배면/NNG,1,0,1
이럴/VA,2,1,1
밥값/NNG,1,0,1
얻어먹/VV,1,0,1
당황/NNG,6,2,4
좁/VA,7,3,4
만화가/NNG,3,0,3
일확천금/NNG,5,0,5
행은/NNG,1,0,1
혹시나/MAG,1,0,1
닥친다면/VV,1,0,1
진담/NNG,3,1,2
창작/NNG,10,5,5
대로/NNG,1,0,1
감상자/NNG,1,0,1
창작물/NNG,3,1,2
창작자/NNG,11,5,6
옛날/NNG,5,2,3
몸값/NNG,2,0,2
열릴까/VV,1,0,1
앞당긴/VV,1,0,1
써도/VV,1,0,1
뾰족/MAG,2,1,1
김/NNG,4,1,3
팔리/VV,5,4,1
해야죠/VV,1,0,1
굳/VV,1,0,1
한다더라/VV,1,0,1
평생/NNG,1,0,1
바꿔갔/VV,1,0,1
공짜/NNG,6,3,3
상도의/NNG,1,0,1
시/VV,1,0,1
무어/NNG,1,0,1
하나하나/MAG,3,0,3
알아봐야/VV,1,0,1
부딪쳐/VV,1,0,1
흥분/NNG,2,0,2
신날/NNG,1,0,1
쓴다/VV,2,0,2
저서/NNG,2,1,1
미술관/NNG,11,1,10
십자군/NNG,1,0,1
영감/NNG,6,5,1
펀치/NNG,3,1,2
가수/NNG,1,0,1
기타리스트/NNG,1,0,1
프로듀서/NNG,2,0,2
미성년/NNG,1,0,1
모지/NNG,3,2,1
자문역/NNG,1,1,0
관리국/NNG,1,1,0
전망/NNG;살피/VV,1,1,0
텍스/NNG,1,1,0
엔원/NNG,1,1,0
도박성/NNG,1,1,0
척도/NNG,4,3,1
불어난다는/VV,1,1,0
반대어/NNG,1,1,0
파쇄/NNG,1,1,0
결점/NNG,2,1,1
은의/NNG,1,1,0
손꼽혔/VV,1,1,0
흑/NNG,1,1,0
젤/NNG,1,1,0
최저임금/NNG,1,1,0
집권/NNG,5,5,0
단장/NNG,8,1,7
질병/NNG,5,1,4
해시값/NNG,3,0,3
건복/NNG,1,0,1
지부/NNG,2,1,1
시스템산업/NNG,1,0,1
원통/NNG,1,0,1
산부/NNG,1,0,1
신여/NNG,2,0,2
거물/NNG,3,2,1
대미/NNG,1,0,1
강경/NNG,3,1,2
유착/NNG,1,0,1
지정학/NNG,2,1,1
던져야/VV,1,0,1
극/NNG,3,2,1
가라앉/VV,2,0,2
박스권/NNG,5,3,2
개장전/NNG,1,0,1
기저효과/NNG,1,0,1
점철/NNG,1,1,0
위함/VV,6,3,3
표면적/VAX,2,1,1
펼쳐진다/VV,1,1,0
계약금/NNG,1,1,0
미끼/NNG,3,3,0
방면/NNG,2,1,1
만대/NNG,3,3,0
토인/NNG,1,1,0
발키리/NNG,2,2,0
헤이/NNG,3,3,0
전망/NNG;넘/VV,1,1,0
각별히/MAG,3,2,1
블루베리/NNG,1,1,0
현역/NNG,1,1,0
퍼블리시티권/NNG,1,1,0
연령/NNG,3,2,1
데이비드/NNG,8,6,2
업적/NNG,5,4,1
논할/VV,2,2,0
부적합/NNG,3,3,0
시장조성/NNG,3,3,0
양도소득/NNG,5,5,0
전과자/NNG,1,1,0
법률안/NNG,3,1,2
호위/NNG,1,1,0
영업이익/NNG,8,8,0
훈풍/NNG,1,1,0
한밭/NNG,1,1,0
맞춰져야/VV,1,1,0
도외/NNG,1,1,0
걷/VV,4,4,0
안대/NNG,1,1,0
금정책/NNG,1,1,0
쫓아가/VV,1,1,0
렌딩/NNG,4,2,2
전자메일/NNG,2,2,0
첩/NNG,1,1,0
미행/NNG,1,1,0
따돌리/VV,1,1,0
엉뚱/NNG,1,1,0
진위/NNG,2,2,0
서명자/NNG,3,3,0
사후정산/NNG,1,1,0
단골/NNG,1,1,0
부도덕/NNG,1,1,0
데리/VV,2,2,0
평상시/NNG,4,1,3
마스터키/NNG,1,1,0
연장선/NNG,2,1,1
발권/NNG,2,1,1
더하/VV,1,1,0
반사/NNG,1,1,0
뜨거울수록/VA,1,1,0
가격/NNG;늘/VV,1,1,0
흑자/NNG,2,2,0
비상장/NNG,2,2,0
송치/NNG,5,5,0
성장기업/NNG,1,1,0
퀄컴/NNG,3,3,0
쳐/VV,1,1,0
예수금/NNG,1,1,0
무찌르/VV,1,1,0
음모/NNG,1,1,0
적응력/NNG,1,1,0
일리/NNG,2,2,0
포문/NNG,1,1,0
계관/NNG,6,4,2
금융망/NNG,1,1,0
핑/NNG,1,1,0
깨끗/NNG,1,1,0
라이벌/NNG,1,1,0
휘말리/VV,1,1,0
택할지/VV,1,1,0
준거가격/NNG,4,2,2
펜/NNG,2,1,1
회원수/NNG,3,3,0
트리미/NNG,2,1,1
컬/NNG,2,2,0
관리청/NNG,1,1,0
공과/NNG,2,2,0
평가이익/NNG,1,1,0
베스/NNG,2,0,2
시초가/NNG,3,0,3
원격/NNG,4,0,4
가격/NNG;밀리/VV,1,0,1
자산군/NNG,6,3,3
쿼크/NNG,2,1,1
토론토증권거래소/NNG,2,0,2
고위직/NNG,1,0,1
중진/NNG,1,0,1
시아/NNG,8,0,8
무회계/NNG,3,0,3
개시일/NNG,2,0,2
입회/NNG,2,0,2
한정의견/NNG,7,0,7
낙폭/NNG,4,1,3
던져진/VV,1,0,1
쌓일/VV,1,0,1
입체/NNG,1,0,1
그날/NNG,6,3,3
코스닥/NNG,4,1,3
맞먹/VV,4,2,2
차오르/VV,1,0,1
비명/NNG,1,0,1
꺼질지/VV,1,0,1
구른다/VV,1,0,1
판정/NNG,1,0,1
외부감사/NNG,5,0,5
의견거절/NNG,3,0,3
감사의견/NNG,5,0,5
공인회계사/NNG,1,0,1
적정의견/NNG,3,0,3
기업회계/NNG,1,0,1
준칙/NNG,1,0,1
사가/NNG,1,0,1
감사인/NNG,1,0,1
계류/NNG,1,0,1
임금/NNG,3,1,2
추심/NNG,1,0,1
fed/NNG;테이퍼링/NNG;양적완화/NNG;축소/NNG,1,0,1
ecb/NNG;양적완화/NNG;확대/NNG,1,0,1
국채/NNG;수익률/NNG;급등/NNG,1,0,1
금리/NNG;상승/NNG;완화/NNG,1,0,1
국채/NNG;금리/NNG;상승/NNG,2,1,1
차입/NNG;비용/NNG;증가/NNG,1,0,1
통화/NNG;가격/NNG;떨어/VV,1,0,1
양적완화/NNG;종료/NNG,1,0,1
fed/NNG;완화/NNG,2,0,2
무역/NNG;줄/VV,1,0,1
지연/NNG;높/VA,1,0,1
물가/NNG;잡/VV,1,0,1
소홀/NNG,1,0,1
뒤따른다/VV,1,0,1
국무/NNG,5,1,4
실은/MAG,4,2,2
원도/NNG,1,0,1
신속히/MAG,3,1,2
증빙/NNG,4,1,3
낸다든지/VV,1,0,1
대리/NNG,3,0,3
공정거래위원회/NNG,2,1,1
직권조사/NNG,1,0,1
시정/NNG,2,0,2
맞췄/VV,3,0,3
선뜻/MAG,2,0,2
시황/NNG,4,2,2
거래대금/NNG,14,3,11
불공정거래/NNG,1,0,1
법규/NNG,3,1,2
실효/NNG,1,0,1
줘/VV,1,0,1
염려/NNG,5,2,3
입성/NNG,2,1,1
쏠렸/VV,1,0,1
쏟아질/VV,1,0,1
따랐/VV,1,0,1
결정과정/NNG,1,0,1
부호/NNG,1,0,1
준법감시/NNG,3,1,2
망가졌/VV,1,0,1
무분별/NNG,2,1,1
편집/NNG,6,5,1
플러그인/NNG,5,4,1
얼/VV,1,0,1
작가/NNG,42,28,14
가트너/NNG,1,0,1
수장/NNG,3,1,2
역설/NNG,2,1,1
무능/NNG,1,0,1
잡서/NNG,1,0,1
삼가/VV,2,1,1
신고점/NNG,11,3,8
긴축정책/NNG,10,4,6
채무증권/NNG,1,0,1
달러부채/NNG,1,0,1
줄어야/VV,1,0,1
조바심/NNG,1,0,1
유로존/NNG,3,0,3
유로달러/NNG,1,0,1
파월/NNG,1,0,1
안겨준/VV,1,0,1
자유무역/NNG,1,0,1
수출업체/NNG,1,0,1
정계/NNG,2,1,1
복잡다단/NNG,3,2,1
나을지/VV,1,0,1
자영업자/NNG,2,0,2
의외/NNG,1,0,1
위키/NNG,2,0,2
손발/NNG,1,0,1
겉/VA,1,0,1
전지전능/NNG,2,0,2
조그마/NNG,1,0,1
과민/NNG,1,0,1
저러/VV,1,0,1
속력/NNG,1,0,1
무한정/NNG,2,1,1
바닥나/VV,3,0,3
공평/NNG,1,0,1
고장나/VV,1,0,1
우하/NNG,1,0,1
향했/VV,1,0,1
마이너스금리/NNG,2,0,2
하한/NNG,1,0,1
획일화/NNG,1,0,1
로인/NNG,1,0,1
가치투자/NNG,1,0,1
종목선정/NNG,1,0,1
총알/NNG,1,0,1
전재/NNG,1,0,1
발간/VA,1,0,1
승/NNG,3,0,3
고질병/NNG,1,0,1
이의/NNG,2,1,1
리프/NNG,2,0,2
비춰볼/VV,1,0,1
이비/NNG,1,0,1
향할지/VV,1,0,1
불안해하/VV,1,0,1
벨/VV,1,0,1
뮬/NNG,1,0,1
충전재/NNG,1,0,1
망설이/VV,3,0,3
력도/NNG,1,0,1
호평/NNG,1,0,1
쿨리/NNG,3,0,3
칸/VV,3,0,3
피해/NNG;확산/NNG,1,1,0
투자/NNG;과열/NNG,1,1,0
불안/NNG;증폭/NNG,1,1,0
해지/NNG;어렵/VA,1,1,0
가격/NNG;뛰/VV,1,1,0
수익/NNG;늘/VV,1,1,0
당정/NNG,1,1,0
중장년층/NNG,4,4,0
발령/NNG,2,2,0
스펙/NNG,2,2,0
응대/NNG,2,2,0
대기표/NNG,1,1,0
광/NNG,3,2,1
무작정/MAG,1,1,0
들르/VV,1,1,0
잠겨서/VV,1,1,0
일회성/NNG,2,1,1
고객만족도/NNG,2,2,0
안정책/NNG,1,1,0
포상금/NNG,4,3,1
민생/NNG,5,5,0
재화/NNG,5,3,2
공범/NNG,1,1,0
한철/NNG,1,1,0
습득/NNG,1,1,0
데려오/VV,1,1,0
난리난/VV,1,1,0
휴사/NNG,1,1,0
파격/NNG,1,1,0
가입비/NNG,2,2,0
쩍/MAG,1,1,0
호언장담/NNG,1,1,0
원상/NNG,1,1,0
판매회사/NNG,1,1,0
대박/NNG,4,1,3
날/VV,7,4,3
유혹/NNG,2,2,0
가액/NNG,1,1,0
휴지/NNG,1,1,0
직급/NNG,1,1,0
사단/NNG,1,1,0
반품/NNG,1,1,0
일체/NNG,4,2,2
확약/NNG,2,1,1
매입/NNG;가격/NNG;낮/VV,1,0,1
고용/NNG;불안/NNG,1,0,1
지수/NNG;하락/NNG,2,0,2
피해/NNG;않/VX,1,0,1
불안/NNG;잡/VV,1,0,1
기대/NNG;꺾/VV,1,0,1
기업인수/NNG,3,0,3
합체/NNG,3,0,3
합쳐질/VV,1,0,1
점치/VV,4,1,3
평행선/NNG,1,0,1
정말로/MAG,1,0,1
자명/NNG,1,0,1
영리기업/NNG,1,0,1
비하/NNG,1,0,1
조/VV,1,0,1
어떨지는/VA,1,0,1
위력/NNG,3,1,2
도래/NNG,3,0,3
전통적금융시장/NNG,1,0,1
날리/VV,1,0,1
신나/VV,1,0,1
들릴지/VV,1,0,1
멋있/VA,1,0,1
괴물/NNG,4,0,4
이쯤/NNG,1,0,1
통찰력/NNG,1,0,1
초두/NNG,1,0,1
재벌그룹/NNG,1,0,1
산업군/NNG,7,0,7
거래금액/NNG,2,0,2
노린다고/VV,1,0,1
고수/NNG,5,2,3
도드라지/VV,1,0,1
엄두/NNG,3,0,3
한탕/NNG,1,0,1
가명/NNG,4,1,3
씨/NNG,15,9,6
문기/NNG,1,0,1
엿봤/VV,1,0,1
눌렀/VV,1,0,1
너머/VV,1,0,1
들려온/VV,1,0,1
온종일/NNG,1,0,1
새마을금고/NNG,1,0,1
특판/NNG,1,0,1
터무니없이/MAG,1,0,1
물린/VV,1,0,1
업해/NNG,1,0,1
소외감/NNG,1,0,1
슈퍼개미/NNG,1,0,1
심장/NNG,3,0,3
머릿속/NNG,1,0,1
찼/VV,1,0,1
덮/VV,1,0,1
시드머니/NNG,2,0,2
알려준/VV,2,0,2
물타기/NNG,1,0,1
저/VV,2,0,2
식계/NNG,1,0,1
좌/NNG,2,1,1
버겁/VA,1,0,1
마냥/MAG,1,0,1
일명/NNG,1,0,1
먼지/NNG,1,0,1
심해도/VA,1,0,1
지지율/NNG,1,0,1
튀어나왔/VV,1,0,1
테마/NNG,1,0,1
스윙/NNG,2,1,1
투/MAG,1,0,1
떠졌/VV,1,0,1
호출/NNG,1,0,1
커서/NNG,1,0,1
몰랐다/VV,1,0,1
상관없/VA,1,0,1
두통/NNG,1,0,1
잠시/NNG,1,0,1
짜릿/NNG,1,0,1
쳐다/VV,1,0,1
잠/NNG,4,3,1
도박판/NNG,2,0,2
통장/NNG,1,0,1
훈수/NNG,1,0,1
친다/VV,1,0,1
가슴/NNG,1,0,1
철렁/MAG,1,0,1
꿀잠/NNG,1,0,1
잤/VV,2,1,1
일지/NNG,2,0,2
그만둘/VV,1,0,1
바란다는/VV,1,0,1
점수/NNG,2,1,1
지의/NNG,1,0,1
인피/NNG,1,0,1
시스템/NNG;개선/NNG,1,1,0
불확실성/NNG;많/VA,1,1,0
매출/NNG;잡/VV,1,1,0
또래/NNG,2,2,0
사회생활/NNG,3,2,1
민망/NNG,2,2,0
창피/NNG,1,1,0
난생/MAG,1,1,0
다녀도/VV,1,1,0
산다는/VV,2,1,1
매끄러운/VA,1,1,0
사용자경험디자인/NNG,1,1,0
기왕/MAG,1,1,0
자칭/NNG,1,1,0
낯설/VA,3,3,0
잠자리/NNG,1,1,0
졸음/NNG,1,1,0
싸워야/VV,2,2,0
려고/NNG,4,4,0
소만/NNG,2,1,1
스며들/VV,1,1,0
식/MAG,1,1,0
맞아떨어진/VV,2,2,0
개편/NNG,1,1,0
해킹방지/NNG,2,1,1
빌더/NNG,3,3,0
부여받/VV,1,1,0
어거/NNG,3,3,0
한참/MAG,3,3,0
베일/NNG,1,1,0
태서/NNG,1,1,0
말끔/NNG,1,1,0
론/NNG,3,3,0
칭했/VV,1,1,0
대통령직/NNG,1,1,0
권투/NNG,1,1,0
시킬지/VV,1,1,0
호프집/NNG,1,1,0
기를/VV,1,1,0
북극성/NNG,1,1,0
꿰뚫/VV,1,1,0
곱슬머리/NNG,1,1,0
오스트리아학파/NNG,1,1,0
나눌/VV,1,1,0
학부/NNG,1,1,0
부교수/NNG,1,1,0
관심사/NNG,4,3,1
가려진/VV,1,1,0
추론/NNG,2,2,0
나눠져/VV,1,1,0
갈리/VV,1,1,0
성배/NNG,1,1,0
고전/NNG,3,2,1
유사품/NNG,2,2,0
편향/NNG,4,4,0
다이렉트메시지/NNG,1,1,0
노시/NNG,1,1,0
고질/NNG,8,2,6
코딩/NNG,2,2,0
기술자/NNG,1,1,0
매/NNG,1,1,0
이뤄지도록/VV,1,1,0
공개시장/NNG,1,1,0
아마추어/NNG,1,1,0
청했으나/VV,2,2,0
이혼/NNG,2,2,0
가십/NNG,1,1,0
풍속/NNG,1,1,0
분석력/NNG,1,1,0
욕심/NNG,1,1,0
합리/NNG,1,1,0
이성론/NNG,1,1,0
챙긴/VV,3,3,0
기한다/VV,1,1,0
일으킨다면/VV,1,1,0
샌/NNG,2,2,0
조건부/NNG,1,1,0
여도/NNG,1,1,0
딕/NNG,1,1,0
오아/NNG,1,1,0
일렉트로닉/NNG,1,1,0
비조치의견서/NNG,1,1,0
쳐/NNG,2,1,1
답해야/VV,1,1,0
넘겨졌/VV,2,2,0
중처/NNG,3,3,0
특경/NNG,4,4,0
외국인투자촉진법/NNG,2,2,0
고소인/NNG,1,1,0
소환/NNG,4,1,3
인플레이션/NNG;우려/NNG;크/VV,2,2,0
글로벌/NNG;불확실성/NNG,2,2,0
인플레이션/NNG;압력/NNG,2,1,1
가격/NNG;증가/NNG,1,1,0
앞면/NNG,1,1,0
뒷면/NNG,1,1,0
이로운/VA,1,1,0
해로울/VA,1,1,0
좋아할/VV,3,3,0
스키/NNG,2,2,0
복도/NNG,1,1,0
창가/NNG,1,1,0
다각/NNG,1,1,0
양자택일/NNG,2,2,0
들린다/VV,1,1,0
이분법/NNG,1,1,0
완적/NNG,4,4,0
산물/NNG,1,1,0
지혜/NNG,1,1,0
한물간/VV,1,1,0
무모/NNG,1,1,0
값어치/NNG,2,1,1
심리학/NNG,4,3,1
변혁/NNG,2,1,1
이로움/VA,2,2,0
나치/NNG,1,1,0
숨겨져/VV,1,1,0
빗대/VV,2,2,0
중단기/NNG,1,1,0
양면/NNG,1,1,0
아비/NNG,1,1,0
구조적/VAX;장기/NNG;침체/NNG,1,1,0
침체/NNG;저성장/NNG,1,1,0
이미/MAG;거품/NNG,1,1,0
안개/NNG,1,1,0
무법/NNG,1,1,0
암울/NNG,3,2,1
가벼이/MAG,2,2,0
치달으면서/VV,1,1,0
화근/NNG,1,1,0
다/VA,3,2,1
성수/NNG,2,1,1
섣불/VA,1,1,0
기류/NNG,1,1,0
단절/NNG,1,1,0
점포/NNG,3,2,1
박성/NNG,2,2,0
준비물/NNG,1,1,0
저성장/NNG,1,1,0
양극화/NNG,1,1,0
북스/NNG,1,1,0
교/NNG,1,1,0
노멀/NNG,1,1,0
금회/NNG,1,1,0
편집국/NNG,1,1,0
편승/NNG,1,1,0
비춰질/VV,1,1,0
스팩/NNG,4,2,2
기념/NNG,9,6,3
가볍/VA,3,3,0
개미군단/NNG,1,1,0
방증/NNG,1,1,0
들여다/MAG,2,1,1
발상/NNG,2,2,0
사피엔스/NNG,1,1,0
문명/NNG,5,4,1
찬양/NNG,1,1,0
미안/NNG,3,3,0
지닐/VV,1,1,0
둔다는/VV,2,1,1
선의/NNG,2,1,1
여년/NNG,3,3,0
남짓이/MAG,1,1,0
부도/NNG,5,5,0
고개/NNG,3,2,1
가로저으며/VV,1,1,0
빌려준다/VV,1,1,0
고군분투/NNG,2,1,1
신성/NNG,1,1,0
찾아온다/VV,2,1,1
봉착/NNG,3,1,2
회사채/NNG,2,2,0
리언/NNG,1,1,0
급기야/MAG,2,2,0
자연스레/MAG,2,1,1
인인/NNG,1,1,0
크라우드소싱/NNG,1,1,0
목적의식/NNG,1,1,0
동지애/NNG,1,1,0
맞설/VV,2,2,0
똘똘/MAG,1,1,0
뭉쳐/VV,1,1,0
안겨다/VV,1,1,0
열성/NNG,3,2,1
입소문/NNG,2,1,1
조장/NNG,2,2,0
별난/VA,1,1,0
브랜드이미지/NNG,2,2,0
로고/NNG,5,2,3
조리/NNG,1,1,0
창의력/NNG,1,1,0
다진/VV,1,1,0
나스카/NNG,1,1,0
봅슬레이/NNG,1,1,0
출전/NNG,2,2,0
기발/NNG,2,2,0
나왔었/VV,1,1,0
바라지/VV,1,1,0
유머러스/NNG,2,2,0
마저/MAG,2,2,0
근소/NNG,1,1,0
에너지기업/NNG,1,1,0
장실/NNG,1,1,0
시급히/MAG,1,1,0
뚜렷/NNG,5,3,2
확답/NNG,1,1,0
회견/NNG,1,1,0
부른/VV,1,1,0
젊은층/NNG,1,1,0
정책위/NNG,1,1,0
당정청/NNG,2,2,0
죄악시/NNG,1,1,0
혼돈/NNG,1,1,0
우왕좌왕/MAG,1,1,0
갈피/NNG,1,1,0
엄포/NNG,1,1,0
호/VV,1,1,0
위험/NNG;완전히/MAG;해소/NNG,1,1,0
투자/NNG;늘/VV;어렵/VA,1,1,0
환경/NNG;불확실/NNG,1,1,0
정책/NNG;종료/NNG,1,1,0
정책/NNG;위험/NNG,1,1,0
가격/NNG;안정/NNG,2,2,0
생산/NNG;떨어/VV,1,1,0
소비/NNG;많/VA,1,1,0
데이/NNG,8,3,5
마스코트/NNG,1,1,0
짤/VV,1,1,0
따왔/VV,1,1,0
도지/VV,1,1,0
플래시애니메이션/NNG,1,1,0
대훈/NNG,2,2,0
겹친/VV,1,1,0
역풍/NNG,3,2,1
총합/NNG,4,3,1
차질/NNG,3,3,0
탄광/NNG,12,12,0
갇히/VV,1,1,0
고된/VA,1,1,0
속한다/VV,1,1,0
태워서/VV,1,1,0
동절기/NNG,1,1,0
한할/VA,1,1,0
몽고/NNG,10,10,0
철수/NNG,2,2,0
멘톨/NNG,1,1,0
탈락/MAG,1,1,0
개년/NNG,2,2,0
공원/NNG,3,3,0
초청/NNG,1,1,0
채산성/NNG,1,1,0
굴지/NNG,1,1,0
알맞/VA,1,1,0
모여들/VV,1,1,0
호시절/NNG,1,1,0
접어드/VV,1,1,0
생애/NNG,2,2,0
기별/NNG,1,1,0
시비/NNG,3,3,0
시디/NNG,1,1,0
지기/NNG,1,1,0
탁한/VA,2,2,0
연방법원/NNG,1,1,0
코트/NNG,1,1,0
데본/NNG,1,1,0
에볼루션/NNG,1,1,0
아고라/NNG,1,1,0
사고판/VV,1,1,0
흔적/NNG,1,1,0
가격/NNG;급등/NNG;상승/NNG,1,1,0
소비/NNG;증가/NNG,1,1,0
광부/NNG,1,1,0
가리키/VV,4,1,3
은행계정/NNG,2,2,0
와이어/NNG,1,1,0
부동산/NNG;가격/NNG;상승/NNG,1,1,0
가격/NNG;변동성/NNG;위험/NNG,1,1,0
신용/NNG;대출/NNG;낮/VA,1,1,0
부동산/NNG;상승/NNG,2,2,0
이자율/NNG;떨어/VV,1,1,0
국채/NNG;안정/NNG,1,1,0
성장/NNG;촉진/NNG,1,1,0
이자/NNG;부담/NNG,1,1,0
위험/NNG;쉽/VA,1,1,0
미래학/NNG,1,1,0
서브프라임사태/NNG,4,4,0
리먼브라더스사태/NNG,2,2,0
서브프라임/NNG,3,3,0
대출심사/NNG,1,1,0
블랙먼데이/NNG,1,1,0
생겼을까/VV,1,1,0
남발/NNG,1,1,0
도화선/NNG,1,1,0
저당증권/NNG,2,2,0
부증/NNG,1,1,0
강아지/NNG,1,1,0
신청자/NNG,1,1,0
중수익/NNG,2,1,1
슈퍼컴퓨터/NNG,1,1,0
유인/NNG,4,3,1
설령/MAG,1,1,0
부도난/VV,1,1,0
꽃/NNG,1,1,0
받쳐/VV,1,1,0
독식/NNG,1,1,0
지어서/VV,1,1,0
입장표/NNG,1,1,0
끊임없/VA,1,1,0
고이/NNG,1,1,0
마땅히/MAG,1,1,0
사회관계망/NNG,1,1,0
쉴/VV,1,1,0
분경/NNG,4,4,0
팬케이크/NNG,9,9,0
무수히/MAG,1,1,0
약정금액/NNG,1,1,0
퍼/NNG,3,2,1
인플레이션/NNG;물가/NNG;상승/NNG,2,1,1
물가/NNG;상승/NNG;우려/NNG,1,0,1
가격/NNG;하락/NNG;우려/NNG,1,0,1
수익성/NNG;악화/NNG,1,0,1
수입/NNG;줄/VV,1,0,1
우선순위/NNG,9,2,7
뻗/VV,2,1,1
발돋움/NNG,1,0,1
서양/NNG,1,0,1
배송/NNG,2,0,2
일으켰/VV,2,1,1
받아들임/VV,1,0,1
큐레이트/NNG,1,0,1
떠나가/VV,1,0,1
엽서/NNG,1,0,1
구시대/NNG,1,0,1
강대국/NNG,1,0,1
망설임/NNG,1,0,1
확고히/MAG,1,0,1
벗/NNG,1,0,1
조력자/NNG,1,0,1
불참/NNG,1,0,1
멍/MAG,2,0,2
자택/NNG,1,0,1
재회/NNG,1,0,1
총/NNG,3,0,3
야후/NNG,2,0,2
늙/VV,1,0,1
무심/NNG,1,0,1
후계자/NNG,1,0,1
아벨/NNG,1,0,1
아지트/NNG,2,0,2
동석/NNG,1,0,1
하이라이트/NNG,5,3,2
극언/NNG,1,0,1
알쏭달쏭/MAG,1,0,1
불행/NNG,1,0,1
행복/NNG,1,0,1
받아들여졌/VV,2,1,1
딱히/MAG,1,0,1
명이/NNG,1,0,1
역겹/VA,2,1,1
반하/VV,2,1,1
뚝딱/MAG,1,0,1
발명/NNG,1,0,1
퍼붓/VV,2,1,1
황소/NNG,1,0,1
흔드/VV,1,0,1
도마/NNG,1,0,1
비행/NNG,2,1,1
료/NNG,2,0,2
승선/NNG,1,0,1
충동/NNG,2,0,2
여유자금/NNG,1,0,1
데이트레이딩/NNG,2,0,2
뒷문상장/NNG,1,0,1
겨누/VV,1,0,1
따라가/VV,3,1,2
개별종목/NNG,1,0,1
위험분산/NNG,1,0,1
소신/NNG,1,0,1
피력/NNG,2,0,2
달궈/VV,1,0,1
개회사/NNG,3,2,1
절벽/NNG,1,0,1
굴러떨어졌/VV,1,0,1
지어낸/VV,1,0,1
소설/NNG,1,0,1
하순/NNG,1,0,1
팁/NNG,4,3,1
일경/NNG,2,1,1
멤/NNG,3,0,3
차익거래자/NNG,7,0,7
취해/VV,1,0,1
담합/NNG,1,0,1
싸였/VV,1,0,1
금융자본/NNG,5,0,5
점령/NNG,1,0,1
자양분/NNG,1,0,1
대안화폐/NNG,1,0,1
키워갔/VV,1,0,1
풀기/NNG,1,0,1
다가가/VV,2,1,1
영속성/NNG,1,0,1
퍼뜨렸/VV,1,0,1
블랙스완/NNG,1,0,1
원한다면/VV,1,0,1
땅/NNG,7,3,4
올리브/NNG,7,0,7
땅값/NNG,1,0,1
수확물/NNG,1,0,1
간지/VV,1,0,1
눈독/NNG,1,0,1
대인/NNG,4,2,2
매개자/NNG,1,0,1
사학자/NNG,1,0,1
턴/NNG,2,0,2
먹음직/NNG,1,0,1
사냥감/NNG,1,0,1
신기술/NNG,1,0,1
탐욕/NNG,5,4,1
개소/NNG,1,0,1
잘/VA,1,0,1
쪼갠/VV,1,0,1
유럽투자은행/NNG,2,0,2
디지털채권/NNG,1,0,1
갈아치우/VV,2,1,1
파도타기/NNG,1,0,1
프티/NNG,27,0,27
폰지게임/NNG,1,0,1
비유/NNG,3,1,2
행각/NNG,1,0,1
유래/NNG,1,0,1
기극/NNG,1,0,1
파국/NNG,1,0,1
메이도프/NNG,2,0,2
감옥/NNG,1,0,1
후예/NNG,1,0,1
신랄/NNG,2,1,1
광란/NNG,1,0,1
누리집/NNG,1,0,1
벼랑/NNG,2,1,1
떠/VV,1,0,1
투자자문사/NNG,1,0,1
되묻/VV,1,0,1
뒤흔들/VV,2,0,2
뒤따랐/VV,1,0,1
완해/NNG,1,0,1
다양/NNG;위험/NNG,1,0,1
위험/NNG;크/VV,1,0,1
권고사직/NNG,1,0,1
허망/NNG,1,0,1
불록/NNG,1,0,1
출렁이/VV,1,0,1
차려야/VV,1,0,1
중독/NNG,11,0,11
처방/NNG,1,0,1
증상/NNG,2,0,2
박문/NNG,1,0,1
경마/NNG,1,0,1
독문/NNG,1,0,1
증식/NNG,2,0,2
등락폭/NNG,1,0,1
전문의/NNG,1,0,1
잠드/VV,1,0,1
몰입/NNG,2,0,2
도파민/NNG,1,0,1
분비/NNG,1,0,1
전두엽/NNG,1,0,1
선물옵션/NNG,3,2,1
시류/NNG,1,0,1
식중독/NNG,1,0,1
클리닉/NNG,2,0,2
끌/NNG,1,0,1
이오/NNG,5,0,5
무려/NNG,1,0,1
빛/NNG,1,0,1
리안/NNG,5,1,4
한동안/MAG,2,0,2
다우존스산업평균지수/NNG,4,1,3
텔/NNG,1,0,1
폭탄/NNG,1,0,1
유례없/VA,1,0,1
가용/NNG,1,0,1
에피/NNG,3,0,3
션트/NNG,3,0,3
걸음/NNG,2,1,1
숨고르기/NNG,2,1,1
금은/NNG,2,1,1
정안/NNG,7,2,5
엄연/NNG,1,0,1
하다/NNG,1,0,1
증표/NNG,5,1,4
저점/NNG;찍/VV;상승/NNG,1,1,0
투기/NNG;확산/NNG,1,1,0
피해/NNG;우려/NNG,1,1,0
우려/NNG;크/VV,1,1,0
아이피/NNG,1,1,0
철자/NNG,2,2,0
속인다/VV,1,1,0
경찰서/NNG,1,1,0
수사력/NNG,1,1,0
국번/NNG,1,1,0
찬반/NNG,2,2,0
가리/VV,2,2,0
유해/NNG,3,1,2
논하/VV,2,2,0
현시점/NNG,3,3,0
알권리/NNG,1,1,0
인치/NNG,4,1,3
하필/MAG,1,1,0
엮이/VV,1,1,0
빗발쳤/VV,1,1,0
쓰였/VV,1,1,0
직역/NNG,1,1,0
버추얼/NNG,1,1,0
대상금액/NNG,1,1,0
이피니/NNG,2,1,1
쉬/MAG,3,1,2
코미디/NNG,1,0,1
순진/NNG,1,0,1
기밀문서/NNG,1,0,1
알뜰/NNG,1,0,1
족/NNG,1,0,1
만국/NNG,1,0,1
죽여/VV,1,0,1
의뢰/NNG,3,2,1
긍정적/VAX;모멘텀/NNG,1,0,1
안정/NNG;아니/VCN,1,0,1
지수/NNG;증가/NNG,1,0,1
무근/NNG,1,0,1
치른/VV,2,0,2
바둑/NNG,12,0,12
사라진다/VV,2,1,1
하나하나/NNG,2,1,1
지녀/VV,1,0,1
만나/NNG,2,1,1
호기심/NNG,1,0,1
재미난/VV,1,0,1
국을/NNG,3,0,3
조던/NNG,1,0,1
슛/NNG,1,0,1
상징물/NNG,1,0,1
남길/VV,2,0,2
입단/NNG,2,1,1
은퇴/NNG,2,0,2
둬야지/VV,1,0,1
명국/NNG,1,0,1
배운/VV,1,0,1
패자/NNG,1,0,1
남다르/VA,1,0,1
이길/VV,1,0,1
어서/MAG,1,0,1
파워볼/NNG,1,0,1
고와/NNG,1,0,1
자부심/NNG,1,0,1
이긴다는/VV,1,0,1
괴로운/VA,1,0,1
털어놨/VV,1,0,1
패배/NNG,1,0,1
값지/VA,1,0,1
겨뤄/VV,1,0,1
단의/NNG,1,0,1
소망/NNG,1,0,1
둔다면/VV,1,0,1
쓸까/VV,1,0,1
바꿀까/VV,1,0,1
혈액/NNG,1,0,1
안드레/NNG,1,0,1
크로네/NNG,1,0,1
바짝/MAG,1,0,1
피터/NNG,1,0,1
챈/VV,1,0,1
석관/NNG,1,0,1
텀/NNG,3,0,3
되게/MAG,3,0,3
사그라지/VV,1,0,1
중기/NNG,7,4,3
가격/NNG;일시적/VAX,3,2,1
일시적/VAX;급락/NNG,1,0,1
시장접근/NNG,1,0,1
나눠서/VV,1,0,1
띄우기/NNG,1,0,1
분만/NNG,1,0,1
수사관/NNG,1,0,1
경기/NNG;과열/NNG;물가/NNG;상승/NNG,1,0,1
양적완화/NNG;정책/NNG;축소/NNG,1,0,1
긴축정책/NNG;경기/NNG;과열/NNG,1,0,1
양적완화/NNG;정책/NNG;확대/NNG,1,0,1
소비자/NNG;물가/NNG;급등/NNG,2,1,1
소비자/NNG;물가/NNG;증가/NNG,1,0,1
글로벌/NNG;시장/NNG;우려/NNG,1,0,1
부채/NNG;상환/NNG;불가능/NNG,1,0,1
소비자/NNG;물가/NNG;오르/VV,1,0,1
금리/NNG;지나치/VA;오르/VV,1,0,1
자산/NNG;가격/NNG;오르/VV,1,0,1
물가/NNG;상승/NNG;막/VV,1,0,1
물가/NNG;잡/VV;못하/VX,1,0,1
채권시장/NNG;양적완화/NNG,1,0,1
붕괴/NNG;위험/NNG,1,0,1
재정/NNG;부담/NNG,1,0,1
물가/NNG;안정/NNG,1,0,1
부채/NNG;늘/VV,1,0,1
기대/NNG;크/VV,1,0,1
부류/NNG,3,2,1
말장난/NNG,1,0,1
떠받쳤/VV,1,0,1
설상가상/NNG,1,0,1
존경/NNG,1,0,1
트럭/NNG,1,0,1
운전기사/NNG,1,0,1
거둬들일/VV,1,0,1
들썩였/VV,1,0,1
택할/VV,2,0,2
완전고용/NNG,1,0,1
표면상/NNG,2,1,1
줬으나/VV,1,0,1
긴축/NNG,2,1,1
나타날까/VV,1,0,1
미실현손실/NNG,1,0,1
의회예산국/NNG,1,0,1
베이비/NNG,1,0,1
메디케어/NNG,1,0,1
악순환/NNG,1,0,1
지금껏/MAG,1,0,1
유통시장/NNG,1,0,1
소비재/NNG,1,0,1
연설자/NNG,1,0,1
가져와/VV,1,0,1
시시/NNG,1,0,1
도표/NNG,3,0,3
치량/NNG,1,0,1
띤다/VV,1,0,1
머지않/VA,1,0,1
일찌감치/MAG,1,0,1
말길/NNG,1,0,1
빌링시스템/NNG,3,0,3
양해각서/NNG,1,0,1
유무/NNG,2,0,2
매각설/NNG,1,0,1
똥/NNG,1,0,1
자책/NNG,1,0,1
답글/NNG,2,0,2
출렁였/VV,2,1,1
시중/NNG;유동성/NNG;줄/VV,1,1,0
인플레이션/NNG;일시적/VAX,2,2,0
하락/NNG;최저/NNG,1,1,0
금리/NNG;인상/NNG,3,1,2
회복/NNG;찬물/NNG,1,1,0
개사/NNG,14,7,7
재무관리/NNG,1,1,0
야코/NNG,3,3,0
버니/NNG,6,6,0
빌렸/VV,1,1,0
빌려간/VV,1,1,0
무너뜨려/VV,1,1,0
폭포수/NNG,1,1,0
지지선/NNG,11,8,3
질렸/VV,1,1,0
돌아왔/VV,5,3,2
트롤/NNG,1,1,0
떠들/VV,1,1,0
앞지른다/VV,1,1,0
핫머니/NNG,1,1,0
감소분/NNG,2,1,1
던/VV,2,2,0
패닉/NNG,3,3,0
중국발/NNG,1,1,0
의사록/NNG,7,7,0
거치/NNG,1,0,1
브로커리지/NNG,3,0,3
식회/NNG,17,2,15
부정행위/NNG,3,1,2
구조화/NNG,2,0,2
구조화채권/NNG,1,0,1
자산시장/NNG;거품/NNG;우려/NNG,1,1,0
인플레이션/NNG;오르/VV,1,1,0
집/NNG;살/VV;없/VA,1,1,0
위험/NNG;경고/NNG,2,2,0
고점/NNG;하락/NNG,1,1,0
투자/NNG;쉽/VA,1,1,0
불붙/VV,2,2,0
쉬우며/VA,2,2,0
녹화/NNG,1,1,0
처했/VV,1,1,0
맞불/NNG,1,1,0
재정정책/NNG,1,1,0
두둔/NNG,2,2,0
비관론자/NNG,1,1,0
닥터둠/NNG,1,1,0
석기/NNG,1,1,0
조개껍데기/NNG,1,1,0
잘라/VV,5,2,3
수상자/NNG,1,1,0
시립/NNG,1,1,0
태어난지/VV,1,1,0
재연/NNG,2,1,1
단단히/MAG,1,1,0
날카롭/VA,1,1,0
경고음/NNG,1,1,0
은행업/NNG,2,2,0
펑/MAG,1,1,0
투자기업/NNG,1,1,0
금융감독기관/NNG,1,1,0
에리스/NNG,1,1,0
시키/VV,2,2,0
증권감독관리위원회/NNG,1,1,0
감금/NNG,1,1,0
심해질수록/VA,1,1,0
시바/NNG,1,1,0
지나갈/VV,1,1,0
회색/NNG,2,1,1
일부러/MAG,1,1,0
좌절감/NNG,1,1,0
박탈감/NNG,1,1,0
욕망/NNG,1,1,0
꺼려왔/VV,1,1,0
물어본/VV,2,2,0
물으면/VV,1,1,0
물으/VV,1,1,0
투자/NNG;관심/NNG;높/VA,1,1,0
강력범/NNG,1,1,0
입건/NNG,3,3,0
합하/VV,1,1,0
경기청/NNG,1,1,0
속여/NNG,1,1,0
가로챈/VV,1,1,0
건/VA,1,1,0
밝혔으며/VV,1,1,0
일러/VA,1,1,0
올려질/VV,1,1,0
카드업계/NNG,2,2,0
선택권/NNG,2,1,1
대립각/NNG,1,0,1
기초자산/NNG,2,1,1
참가비/NNG,1,0,1
우려/NNG;증가/NNG,1,0,1
체납자/NNG,9,8,1
가격차/NNG,2,1,1
환치기/NNG,12,11,1
차일/NNG,2,0,2
비둘기/NNG,2,0,2
텐텐/NNG,2,0,2
특가/NNG,1,0,1
엄정/NNG,1,0,1
추징/NNG,1,0,1
정무위/NNG,4,3,1
고한/VV,1,0,1
입금액/NNG,3,0,3
대별/NNG,1,0,1
신량/NNG,2,0,2
찾아냈/VV,2,1,1
가시성/NNG,1,0,1
가격/NNG;불안정/NNG,1,1,0
인플레이션/NNG;높/VA,1,1,0
공급/NNG;감소/NNG,1,1,0
가격/NNG;높/VA,3,2,1
스프린트/NNG,1,1,0
꾸린/VV,3,2,1
그림자금융/NNG,1,1,0
암화/NNG,1,1,0
개리/VV,3,3,0
공백/NNG,1,1,0
저명/NNG,1,1,0
헤리티지재단/NNG,1,1,0
타진/NNG,1,1,0
희소/NNG,7,3,4
나눈/VV,2,1,1
기로/NNG,1,1,0
답한/VV,6,1,5
한자리수/NNG,1,1,0
베이비부머/NNG,1,1,0
지식재산권/NNG,1,1,0
접/NNG,1,1,0
전도유망/NNG,1,1,0
업로드/NNG,2,2,0
비즈니스모델/NNG,6,2,4
자신/NNG;좋/VA,1,0,1
비용/NNG;많/VA,1,0,1
법조인/NNG,2,0,2
일찍이/MAG,1,0,1
눈엣가시/NNG,1,0,1
메두사/NNG,1,0,1
갈퀴/NNG,1,0,1
자라나/VV,2,1,1
혼재/NNG,1,0,1
마르크/NNG,1,0,1
수탁자/NNG,1,0,1
각고/NNG,1,0,1
옮긴/VV,1,0,1
동형암호/NNG,1,0,1
포도/NNG,1,0,1
법학자/NNG,1,0,1
가져다줄/VV,3,1,2
삽입/NNG,2,1,1
패널리스트/NNG,1,0,1
재중/NNG,1,0,1
앙화/NNG,1,0,1
뗀/VV,1,0,1
떠맡/VV,1,0,1
만만/NNG,1,0,1
쓰리/VV,1,0,1
회당/NNG,1,0,1
업과/NNG,2,0,2
사손/NNG,1,0,1
종국/NNG,2,0,2
일문일답/NNG,1,0,1
교차/NNG,3,1,2
난점/NNG,1,0,1
싱글/MAG,3,0,3
간사인/NNG,4,2,2
씨/VV,2,1,1
불공정거래행위/NNG,5,2,3
디코드/NNG,2,0,2
밝힌다/VV,1,0,1
바르/VA,2,1,1
봤으나/VV,2,1,1
감량/NNG,1,1,0
철학자/NNG,1,1,0
리니어/NNG,1,1,0
콘트랙트/NNG,3,3,0
파라/NNG,5,5,0
빔/NNG,2,2,0
합성자산/NNG,1,1,0
가성비/NNG,1,1,0
티비/NNG,1,1,0
산업/NNG;크/VV,1,0,1
앞지르/VV,1,0,1
차입매수/NNG,1,0,1
사라짐/VV,1,0,1
다시금/MAG,2,1,1
러셀/NNG,2,0,2
앞지른/VV,1,0,1
일수/NNG,1,0,1
결성/NNG,1,0,1
송유관/NNG,2,0,2
콜로니얼/NNG,1,0,1
파이프라인/NNG,1,0,1
옮긴다고/VV,2,1,1
매이/NNG,1,0,1
직군/NNG,4,2,2
오닉스/NNG,1,0,1
가산점/NNG,1,0,1
선회/NNG,2,1,1
싣/VV,1,0,1
취향/NNG,3,2,1
후불/NNG,1,0,1
뱅킹/NNG,1,0,1
초월/NNG,2,0,2
그레/VV,2,1,1
마스터플랜/NNG,1,0,1
균일/NNG,1,0,1
상법/NNG,1,0,1
어나니머스/NNG,3,0,3
떨어뜨려서/VV,1,0,1
망쳤/VV,1,0,1
인연/NNG,1,0,1
단기/NNG;모멘텀/NNG,1,0,1
변동성/NNG;급등/NNG,1,0,1
하방/NNG;압력/NNG,1,0,1
고점/NNG;지지/NNG,1,0,1
낮/VA;고점/NNG,1,0,1
감시망/NNG,2,0,2
택스갭/NNG,1,0,1
때/VV,1,0,1
퍽/NNG,1,0,1
나단/NNG,1,0,1
카를로스/NNG,1,0,1
다수당/NNG,2,0,2
막대/NNG;재정/NNG;적자/NNG,1,1,0
불확실성/NNG;증가/NNG,1,1,0
일시적/VAX;급등/NNG,1,1,0
변동성/NNG;증가/NNG,1,1,0
무언가/NNG,2,1,1
식스/NNG,1,1,0
퀵/NNG,1,1,0
나이브/NNG,6,6,0
공용/NNG,1,1,0
뜨뜻미지근/NNG,1,1,0
잡음/NNG,1,1,0
얼러/VV,1,1,0
극단적/VAX,6,2,4
어리석/VA,2,2,0
케어/NNG,1,1,0
퀴즈/NNG,6,1,5
톡/NNG,6,1,5
거한/NNG,1,1,0
엄밀/NNG,1,1,0
사기죄/NNG,1,1,0
지열/NNG,2,1,1
중미/NNG,2,1,1
축하/NNG,2,2,0
청정에너지/NNG,2,2,0
최남단/NNG,1,1,0
버텨낼/VV,2,1,1
현장실사/NNG,2,1,1
감점/NNG,1,1,0
마이크/NNG,7,6,1
순수익/NNG,3,3,0
유상증자/NNG,3,3,0
fed/NNG;양적완화/NNG;정책/NNG;축소/NNG,1,0,1
채권/NNG;수익률/NNG;상승/NNG,1,0,1
하락/NNG;지수/NNG;하락/NNG,1,0,1
가격/NNG;부담/NNG,1,0,1
투자/NNG;축소/NNG,1,0,1
급락/NNG;저점/NNG,1,0,1
소비/NNG;우려/NNG,1,0,1
녹색금융/NNG,3,0,3
노지/NNG,1,0,1
급하/VA,1,0,1
기술금융/NNG,2,1,1
조새/NNG,1,0,1
단시간/NNG,1,0,1
일련/NNG,4,2,2
꾸렸/VV,1,0,1
심층/NNG,2,1,1
엄/NNG,1,0,1
롱숏/NNG,1,0,1
옵션프리미엄/NNG,1,0,1
분포/NNG,2,0,2
재한/NNG,3,1,2
스텝/NNG,1,0,1
파르시/NNG,1,0,1
원회/NNG,2,1,1
드롭스/NNG,2,0,2
소년/NNG,1,0,1
대표자/NNG,2,0,2
금리/NNG;높/VA,1,0,1
돌려줄/VV,2,0,2
썼으며/VV,1,0,1
행방/NNG,1,0,1
코모도/NNG,1,0,1
늄/NNG,1,0,1
쉽/NNG,1,0,1
픽셀/NNG,11,0,11
오크/NNG,1,0,1
소명/NNG,4,0,4
래스/NNG,1,0,1
들러/VV,2,0,2
순포지션/NNG,3,0,3
데드크로스/NNG,4,1,3
초입/NNG,2,1,1
점도표/NNG,4,3,1
베이시스포인트/NNG,1,0,1
쟁취/NNG,1,0,1
회오리바람/NNG,1,0,1
용일/NNG,1,0,1
투자유의/NNG,1,0,1
퇴출/NNG,6,2,4
깐깐/NNG,1,0,1
정해서/VV,1,0,1
벌어/VV,1,0,1
이산/NNG,1,0,1
대수/NNG,1,0,1
적대국/NNG,1,0,1
인바/NNG,1,0,1
마스트/NNG,1,0,1
개량/NNG,1,0,1
구문/NNG,1,0,1
외함/NNG,1,0,1
감출/VV,1,0,1
가격/NNG;작/VA,1,0,1
색출/NNG,1,0,1
면담/NNG,3,0,3
웨/NNG,1,0,1
탄/NNG,1,0,1
상부/NNG,1,0,1
하부/NNG,1,0,1
우정/MAG,1,0,1
저축은행/NNG,1,0,1
즈푸바오/NNG,1,0,1
군중/NNG,1,0,1
침/NNG,1,0,1
완비/NNG,1,0,1
영문/NNG,3,1,2
구르/NNG,1,0,1
꼽혀왔/VV,1,0,1
국무원/NNG,4,3,1
장마철/NNG,1,0,1
바랐/VV,1,0,1
가격/NNG;넘/VV;오르/VV,1,1,0
구조/NNG;악화/NNG,1,1,0
수입/NNG;늘/VV,1,1,0
수입/NNG;많/VA,1,1,0
악몽/NNG,2,2,0
반토막/NNG,3,2,1
무더기/NNG,2,2,0
등한시/NNG,2,2,0
합쳐져/VV,1,1,0
열중/NNG,2,2,0
공시방법/NNG,1,1,0
살림/NNG,1,1,0
정상급/NNG,2,2,0
일견/MAG,1,1,0
서리/NNG,1,1,0
건넨/VV,1,1,0
아로와나/NNG,3,3,0
방관/NNG,2,2,0
안일/NNG,1,1,0
양화/NNG,1,1,0
산술/NNG,1,1,0
종당/NNG,1,1,0
언론인/NNG,2,1,1
아이아르아이/NNG,1,1,0
고속/NNG,2,2,0
여름철/NNG,1,1,0
빈번/NNG,2,2,0
모스/NNG,1,1,0
빈발/NNG,1,1,0
되사/VV,1,1,0
이른다는/VV,1,1,0
어지러울/VA,1,1,0
반납/NNG,1,1,0
이평선/NNG,11,6,5
죽음/NNG,2,2,0
선인/NNG,3,1,2
이어서/MAG,2,2,0
놀/VV,3,3,0
희/NNG,2,2,0
야리/NNG,2,2,0
시야/NNG,1,1,0
견뎌/VV,2,2,0
택해/VV,1,1,0
에테/NNG,2,2,0
기라/NNG,3,3,0
솔/NNG,6,4,2
링크트인/NNG,1,1,0
헤드/NNG,3,3,0
미타/NNG,1,1,0
선도기업/NNG,2,1,1
진척/NNG,1,1,0
미뤄졌/VV,1,1,0
이통/NNG,1,1,0
프랑/NNG,3,3,0
고점/NNG;찍/VV;하락/NNG,1,1,0
유통량/NNG;증가/NNG,1,1,0
공급/NNG;차질/NNG,1,1,0
돈/NNG;위험/NNG,1,1,0
수익/NNG;줄/VV,1,1,0
한국인/NNG,7,7,0
온데간데없이/MAG,1,1,0
망해/NNG,1,1,0
멘탈/NNG,1,1,0
되짚/VV,1,1,0
널렸/VV,1,1,0
손꼽힌다/VV,3,3,0
산량/NNG,1,1,0
여긴다는/VV,1,1,0
이겨/VV,1,1,0
비꼼/VV,1,1,0
신박/NNG,1,1,0
익히/MAG,1,1,0
뉴비/NNG,1,1,0
목도/NNG,2,1,1
가뿐히/MAG,1,1,0
손상/NNG,1,1,0
뒤져/VV,1,1,0
고부가가치/NNG,1,1,0
경영자/NNG,1,1,0
재무전략/NNG,1,1,0
고갈/NNG,2,1,1
꽂/VV,3,3,0
알려질/VV,1,1,0
비속어/NNG,1,1,0
날린/VV,1,1,0
알려졌었/VV,1,1,0
일러도/VV,1,1,0
싸울/VV,1,1,0
말벌/NNG,2,2,0
물렸/VV,1,1,0
진심/NNG,1,1,0
생산국/NNG,1,1,0
금지령/NNG,8,7,1
굴왕/NNG,1,1,0
고철/NNG,1,1,0
영미/NNG,1,1,0
접한다/VV,1,1,0
화력/NNG,1,1,0
건설붐/NNG,1,1,0
도심지/NNG,3,3,0
야안/NNG,3,3,0
전임/NNG,2,2,0
예의/NNG,1,1,0
껐/VV,2,2,0
낙후지역/NNG,2,2,0
인맥/NNG,1,1,0
낙후/NNG,1,1,0
망하/VV,1,1,0
영향권/NNG,1,1,0
아머/NNG,2,2,0
면정/NNG,1,1,0
해태/NNG,1,1,0
가격/NNG;확산/NNG,1,0,1
구입비/NNG,1,0,1
미스터/NNG,6,2,4
미상/NNG,7,2,5
낫/NNG,1,0,1
띵/MAG,1,0,1
신산업/NNG,2,1,1
전문경영인/NNG,1,0,1
회계사/NNG,1,0,1
삼정/NNG,1,0,1
경영전략/NNG,1,0,1
위험자산/NNG;불안/NNG,1,1,0
변동성/NNG;감소/NNG,1,1,0
투자/NNG;성공/NNG,1,1,0
하방/NNG;위험/NNG,1,1,0
우려/NNG;해소/NNG,1,1,0
콤비/NNG,11,11,0
합격/NNG,15,15,0
숨/VV,4,4,0
미소/NNG,3,3,0
꿀/NNG,2,2,0
마다/NNG,2,2,0
간략히/MAG,1,1,0
스타트업액셀러레이터/NNG,1,1,0
쿼/NNG,2,2,0
카트/NNG,1,1,0
이상향/NNG,1,1,0
거쳐갔/VV,1,1,0
연지/VV,1,1,0
스쿨/NNG,2,2,0
수강/NNG,2,2,0
이용권/NNG,1,1,0
혹해서/VV,1,1,0
밑져야/VV,1,1,0
본전/NNG,1,1,0
알아낸/VV,1,1,0
솔로/NNG,1,1,0
올인/NNG,1,1,0
캘린더/NNG,1,1,0
데드라인/NNG,3,3,0
지원서/NNG,8,8,0
마감일/NNG,3,1,2
알림/VV,3,3,0
발등/NNG,1,1,0
부랴부랴/MAG,2,2,0
자잘/NNG,1,1,0
데모/NNG,4,3,1
어림잡/VV,1,1,0
모자랐/VV,1,1,0
난항/NNG,1,1,0
하얘지/VV,1,1,0
멍해졌/VA,1,1,0
습관/NNG,1,1,0
구구절절/MAG,1,1,0
담백/NNG,2,2,0
팍팍/MAG,1,1,0
날려/VV,1,1,0
차리/VV,1,1,0
끄집/VV,1,1,0
봐/VV,1,1,0
빗댄/VV,2,2,0
함축/NNG,2,1,1
퇴고/NNG,1,1,0
대본/NNG,1,1,0
반수/NNG,1,1,0
대잔치/NNG,1,1,0
후다닥/MAG,2,2,0
창밖/NNG,1,1,0
환해졌/VA,1,1,0
눈꺼풀/NNG,1,1,0
천근만근/NNG,1,1,0
초인/NNG,1,1,0
집중력/NNG,1,1,0
막판/NNG,2,1,1
지원자/NNG,4,4,0
갈아엎/VV,1,1,0
수자/NNG,1,1,0
교착/NNG,1,1,0
전통시장/NNG,17,11,6
델타/NNG,4,3,1
감마/NNG,1,1,0
소진/NNG,1,1,0
라지캡/NNG,1,1,0
매해/MAG,1,1,0
리자/NNG,2,2,0
붙인다면/VV,1,1,0
갈등/NNG,3,2,1
탄소발자국/NNG,1,1,0
감축/NNG,1,1,0
전력시장/NNG,1,1,0
죽이/VV,1,1,0
노동위원회/NNG,1,0,1
정지열/NNG,1,0,1
사업권/NNG,1,0,1
전문위원/NNG,1,0,1
잠그/VV,1,0,1
인질/NNG,1,0,1
해피/NNG,1,0,1
해독/NNG,1,0,1
앨런/NNG,1,0,1
린스/NNG,1,0,1
진본/NNG,1,0,1
야가/NNG,1,0,1
체로/NNG,1,0,1
안회/NNG,1,0,1
유치원/NNG,1,0,1
해선/VV,1,0,1
유동성/NNG;감소/NNG,1,0,1
저하/NNG;방지/NNG,1,0,1
금리/NNG;최대/NNG,1,0,1
자산/NNG;상승/NNG,4,2,2
최저/NNG;떨어/VV,1,0,1
공급/NNG;줄/VV,2,0,2
자기자본비율/NNG,1,0,1
이을/VV,1,0,1
전사/NNG,1,0,1
토록/NNG,1,0,1
위험등급/NNG,1,0,1
도저/NNG,7,0,7
얼/NNG,1,0,1
인형/NNG,2,1,1
타이틀/NNG,1,0,1
알릴/VV,2,1,1
페이퍼리스/NNG,7,0,7
동의서/NNG,1,0,1
대용량/NNG,2,0,2
연봉/NNG,1,0,1
간소/NNG,1,0,1
트라이얼/NNG,1,0,1
옵션거래/NNG,1,0,1
평준/NNG,1,0,1
각도/NNG,1,0,1
재량껏/MAG,1,0,1
영업이익/NNG;오르/VV,1,1,0
미공개/NNG,2,1,1
인토/NNG,1,1,0
백스/NNG,1,1,0
컴퍼니/NNG,6,6,0
소홀히/MAG,1,1,0
면책/NNG,1,1,0
떠넘긴/VV,1,1,0
득/MAG,2,2,0
포렉스/NNG,5,5,0
거래소법/NNG,2,2,0
칼리/NNG,2,2,0
아직/MAG;정하/VV;지지/NNG;않/VX,1,0,1
니원/NNG,4,0,4
커스터마이징/NNG,1,0,1
옴/VV,1,0,1
병무청/NNG,3,0,3
기획팀/NNG,1,0,1
공공기관/NNG,3,0,3
생년월일/NNG,2,1,1
복학/NNG,1,0,1
복무/NNG,1,0,1
공무원증/NNG,1,0,1
키트/NNG,1,0,1
대국민/NNG,1,0,1
상정/NNG,2,0,2
중정/NNG,1,0,1
소위원회/NNG,1,0,1
한국어/NNG,7,2,5
가나/NNG,5,0,5
모던/NNG,1,0,1
파리/VV,1,0,1
다큐멘터리/NNG,13,13,0
정원/NNG,1,1,0
미러/NNG,2,2,0
작비/NNG,1,1,0
행정지도/NNG,1,1,0
산법/NNG,1,1,0
논/VV,3,2,1
연다고/VV,2,2,0
지호/NNG,2,2,0
저린/VV,3,2,1
생긴다면/VV,1,1,0
논거/NNG,1,1,0
올바로/MAG,1,1,0
창조자/NNG,1,1,0
탐구/NNG,1,1,0
다이브/NNG,1,1,0
폴리곤/NNG,13,5,8
콜렉션/NNG,7,5,2
돌체/NNG,3,3,0
잡지/NNG,1,1,0
생생/NNG,1,1,0
컬렉션/NNG,8,4,4
부쳐/VV,1,1,0
톱/NNG,5,0,5
사라/NNG,1,0,1
작곡/NNG,1,0,1
두려움/NNG;불확실성/NNG,1,1,0
회복/NNG;불가능/NNG,1,1,0
가격/NNG;불안/NNG,1,1,0
불안/NNG;최악/NNG,1,1,0
기회/NNG;위험/NNG,1,1,0
생산성/NNG;높/VV,1,1,0
불안/NNG;쉽/VA,1,1,0
현금/NNG;줄/VV,1,1,0
상습/NNG,2,2,0
강박/NNG,4,4,0
치료사/NNG,4,4,0
담자/NNG,4,4,0
우울증/NNG,1,1,0
외상후스트레스장애/NNG,1,1,0
공황발작/NNG,1,1,0
외상/NNG,1,1,0
신체/NNG,1,1,0
희열/NNG,2,2,0
맛볼/VV,1,1,0
우울/NNG,1,1,0
불어난다/VV,1,1,0
자존/NNG,1,1,0
담뱃갑/NNG,1,1,0
짙/VA,1,1,0
착각/NNG,1,1,0
감정/NNG,5,5,0
롤러코스터/NNG,1,1,0
역동/NNG,1,1,0
만족도/NNG,1,1,0
든다면/VV,1,1,0
스퀘어포지션/NNG,1,1,0
매수금액/NNG,1,1,0
마지노선/NNG,2,2,0
이코노믹스/NNG,1,1,0
항복/NNG,2,1,1
물리칠/VV,1,1,0
잡초/NNG,1,1,0
표면/NNG,1,1,0
눈앞/NNG,1,1,0
멈춰섰/VV,1,1,0
맞물린다/VV,1,1,0
지배력/NNG,1,1,0
뒤흔드/VV,1,1,0
투자심리/NNG,5,2,3
올라온다/VV,2,1,1
아르/NNG,3,2,1
썰물/NNG,1,1,0
천/NNG,2,2,0
진상/NNG,1,1,0
자수/NNG,1,1,0
현상금/NNG,1,1,0
쉐/NNG,1,1,0
걸립니다/VV,1,1,0
색다르/VA,3,2,1
끈/VV,2,1,1
단추/NNG,1,1,0
거창/NNG,1,1,0
투박/NNG,1,1,0
메시지서비스/NNG,1,1,0
칭한/VV,1,1,0
열렬/NNG,1,1,0
원한다고/VV,1,1,0
틈새/NNG,1,1,0
맞아떨어져/VV,1,1,0
스로/NNG,1,1,0
의결권/NNG,1,1,0
삭과/NNG,1,1,0
삭/VV,1,1,0
최대/NNG;하락/NNG,1,0,1
변동성/NNG;낮/VV,1,0,1
변동성/NNG;크/VV,4,1,3
재정/NNG;줄/VV,1,0,1
나비/NNG,3,1,2
매니페스토/NNG,1,0,1
미덕/NNG,4,0,4
강점기/NNG,1,0,1
문화재/NNG,3,0,3
온다는/VV,1,0,1
따라올/VV,1,0,1
소비자금융/NNG,1,0,1
모의실험/NNG,2,1,1
월부/NNG,1,0,1
추도/NNG,1,0,1
베타버전/NNG,3,0,3
품목/NNG,1,0,1
두민/NNG,2,0,2
판화/NNG,1,0,1
사격/NNG,1,0,1
특전/NNG,1,0,1
슬로건/NNG,1,0,1
작자/NNG,4,2,2
잠재/NNG;위험/NNG,1,1,0
유럽연합집행위원회/NNG,1,1,0
발신인/NNG,3,3,0
출생지/NNG,1,1,0
성명문/NNG,1,1,0
구해야/VV,1,1,0
입법부/NNG,1,1,0
유럽의회/NNG,1,1,0
결정권/NNG,2,1,1
입법화/NNG,1,1,0
워드/NNG,4,3,1
팔려/VV,1,1,0
대부업/NNG,3,2,1
조속/NNG,2,1,1
잔존/NNG,1,1,0
채권추심업무/NNG,1,1,0
채권추심/NNG,1,1,0
상환자금/NNG,1,1,0
이를지/VV,1,1,0
심각/NNG;악영향/NNG,1,1,0
비비/NNG,1,1,0
비비/MAG,1,1,0
지하철/NNG,1,1,0
인사이더/NNG,3,1,2
외국환/NNG,1,1,0
되파/VV,1,1,0
부린다/VV,1,1,0
교란/NNG,1,1,0
국부/NNG,1,1,0
엄단/NNG,1,1,0
방지책/NNG,1,1,0
페이퍼컴퍼니/NNG,2,2,0
개개인/NNG,1,1,0
탈락/NNG,2,2,0
두근두근/MAG,1,1,0
악명/NNG,1,1,0
들어간다고/VV,1,1,0
폭격/NNG,2,2,0
구렁텅이/NNG,1,1,0
말려들/VV,1,1,0
후일담/NNG,1,1,0
잽/NNG,2,2,0
날릴/VV,1,1,0
경험담/NNG,1,1,0
툭/MAG,1,1,0
명료/NNG,2,2,0
명치/NNG,2,2,0
심금/NNG,2,2,0
울리/VV,2,2,0
어퍼컷/NNG,2,2,0
명중/NNG,2,2,0
엘리베이터피치/NNG,1,1,0
귀하/VA,2,2,0
뽐/NNG,2,2,0
결판/NNG,2,2,0
시뮬레이터/NNG,1,1,0
연습/NNG,2,2,0
선배/NNG,2,2,0
솟아났/VV,1,1,0
투자설명회/NNG,1,1,0
갖출/VV,1,1,0
기상/NNG,1,1,0
수능/NNG,2,2,0
간절/NNG,1,1,0
켜/VV,5,2,3
봐서/VV,1,1,0
홀더/NNG,3,1,2
도중/NNG,2,1,1
화색/NNG,1,1,0
쏙쏙/MAG,1,1,0
샌드백/NNG,1,1,0
퍽퍽/MAG,1,1,0
꽂히/VV,1,1,0
흐뭇/NNG,1,1,0
끄덕였/VV,1,1,0
고분고분/MAG,1,1,0
분도/NNG,1,1,0
느껴졌/VV,1,1,0
알려준다고/VV,2,2,0
불합격/NNG,6,6,0
좁혀졌/VV,2,2,0
올지/VV,1,1,0
편히/MAG,1,1,0
방전/NNG,1,1,0
외장/NNG,2,2,0
외출/NNG,1,1,0
만무/NNG,1,1,0
월급/NNG,1,1,0
밤중/NNG,1,1,0
온다더니/VV,1,1,0
뜻밖에/MAG,1,1,0
시/VA,1,1,0
전화벨/NNG,1,1,0
울렸/VV,1,1,0
기뻐/VA,1,1,0
위험/NNG;높/VA;위험/NNG,1,1,0
어렵/VA;한계/NNG,1,1,0
전심/NNG,1,1,0
불응/NNG,1,1,0
수색/NNG,1,1,0
외치/VV,1,1,0
자국민/NNG,1,1,0
유의미/NNG,1,1,0
마음먹/VV,1,1,0
어렸/VA,1,1,0
창작가/NNG,1,1,0
모듈화/NNG,1,1,0
조립/NNG,1,1,0
청취/NNG,3,2,1
겸한/VV,1,1,0
시스템/NNG;위험/NNG;우려/NNG,1,1,0
가격/NNG;변동/NNG;심하/VA,2,1,1
금융시스템/NNG;위협/NNG,1,1,0
금융시스템/NNG;위험/NNG,1,1,0
수익성/NNG;회복/NNG,1,1,0
안정성/NNG;위협/NNG,1,1,0
의구심/NNG;없/VA,1,1,0
비용/NNG;작/VA,1,1,0
기다려온/VV,1,1,0
실거래/NNG,1,1,0
옴/NNG,1,1,0
카르/NNG,2,2,0
콜가격/NNG,1,1,0
좁혀/VV,1,1,0
콘탱고/NNG,4,4,0
cds/NNG,2,2,0
원리금/NNG,1,1,0
신용파생상품/NNG,1,1,0
외가격/NNG,1,1,0
에코/NNG,1,1,0
넬슨/NNG,1,1,0
엑센/NNG,1,1,0
지파/NNG,1,1,0
비지/NNG,1,1,0
거래한도/NNG,1,1,0
박/VV,1,1,0
북반구/NNG,1,1,0
초여름/NNG,1,1,0
급선회/NNG,1,1,0
무디/VA,1,1,0
획일/NNG,3,3,0
소다/NNG,1,1,0
전향/NNG,1,1,0
소집/NNG,1,1,0
참석자/NNG,1,1,0
매사/MAG,2,2,0
치이/VV,1,1,0
건지/VV,1,1,0
뱅크런/NNG,3,3,0
도산/NNG,1,1,0
신용위험/NNG,1,1,0
반겨야/VV,1,1,0
성급/NNG,1,1,0
저술/NNG,1,1,0
대마불사/NNG,1,1,0
액면/NNG,3,3,0
천차/NNG,1,1,0
들고양이/NNG,2,2,0
조지/NNG,1,1,0
진/NNG,2,2,0
조목조목/NNG,1,1,0
남북전쟁/NNG,1,1,0
편재/NNG,1,1,0
등가물/NNG,1,1,0
용이성/NNG,1,1,0
일말/NNG,1,1,0
러시/NNG,1,1,0
조교수/NNG,1,1,0
속담/NNG,1,1,0
황급히/MAG,1,1,0
남긴다/VV,1,1,0
위험/NNG;지지/NNG;않/VX,1,1,0
위험/NNG;낮/VA,1,1,0
경연/NNG,1,1,0
수호/NNG,4,3,1
산출물/NNG,1,1,0
관사/NNG,2,1,1
시상/NNG,2,2,0
피칭/NNG,1,1,0
대의/NNG,3,2,1
뒤처진/VV,1,1,0
나열/NNG,1,1,0
납치/NNG,2,2,0
당할/VV,2,1,1
탁사/NNG,2,2,0
심히/MAG,1,1,0
배움/VV,1,1,0
타협점/NNG,1,1,0
타협/NNG,1,1,0
돌린다면/VV,1,1,0
안전망/NNG,1,1,0
무지/NNG,1,1,0
공동관리/NNG,1,1,0
참신/NNG,1,1,0
줄어듦/VV,2,1,1
날로/MAG,1,0,1
운용자금/NNG,1,0,1
속할/VV,2,0,2
동산/NNG,2,0,2
등기부/NNG,2,0,2
사업자등록/NNG,1,0,1
법리/NNG,1,0,1
명시적/VAX,2,0,2
아니/MAG,1,0,1
나목/NNG,1,0,1
임사/NNG,1,0,1
경품/NNG,6,5,1
디비전/NNG,1,0,1
아바타/NNG,3,0,3
기준지/NNG,1,0,1
기준시/NNG,1,0,1
스토캐스틱/NNG,2,0,2
상대강도/NNG,3,1,2
켄터키/NNG,1,0,1
아스/NNG,1,0,1
전략그룹/NNG,1,0,1
대출/NNG;활성화/NNG,1,0,1
긍정적/VAX;효과/NNG,2,0,2
수익/NNG;개선/NNG,1,0,1
지표/NNG;개선/NNG,1,0,1
직접지원/NNG,1,0,1
밀어붙이/VV,1,0,1
하로/NNG,1,0,1
당면/NNG,1,0,1
이자이익/NNG,1,0,1
분의/NNG,1,0,1
이자수익/NNG,1,0,1
순이자/NNG,1,0,1
비이/VV,1,0,1
총자본비율/NNG,1,0,1
변동성/NNG;불확실성/NNG,1,0,1
얼마나/MAG;위험/NNG,1,0,1
본다고/VV,1,0,1
투자계획/NNG,2,0,2
모른다고/VV,1,0,1
체계적위험/NNG,3,0,3
비체계적위험/NNG,3,0,3
지수옵션/NNG,1,0,1
수치인/NNG,1,0,1
공포지수/NNG,2,1,1
기대수익률/NNG,1,0,1
은행/NNG;입장/NNG;위험/NNG,1,1,0
이탈/NNG;우려/NNG,1,1,0
떠안/VV,1,1,0
갑작/NNG,1,1,0
회분/NNG,1,1,0
아카이브/NNG,1,1,0
준선/NNG,1,1,0
기릴/VV,1,1,0
뜻깊/VA,1,1,0
소장품/NNG,1,1,0
나인/NNG,2,2,0
타리/NNG,7,7,0
디버전스/NNG,1,1,0
절린/NNG,1,1,0
논/NNG,1,1,0
시우/NNG,1,1,0
체한/NNG,1,1,0
상담사/NNG,2,2,0
눈높이/NNG,1,1,0
교환가치/NNG,1,1,0
나온다고/VV,1,1,0
사회기반시설투자/NNG,2,2,0
정본/NNG,1,1,0
사회기반시설/NNG,2,2,0
수정안/NNG,1,1,0
증자/NNG,2,2,0
조자/NNG,1,1,0
변동성/NNG;작/VA,1,1,0
저점/NNG;오르/VV,1,1,0
신용등급/NNG,1,1,0
cp/NNG,1,1,0
최고기술경영자/NNG,1,1,0
가처분/NNG,1,1,0
재판부/NNG,4,4,0
잔여/NNG,2,1,1
유감/NNG,1,1,0
거래동기/NNG,1,1,0
개인전/NNG,2,2,0
우승자/NNG,1,1,0
실력/NNG,1,1,0
회전율/NNG,1,1,0
스캘핑/NNG,1,1,0
리저브/NNG,7,7,0
건도/NNG,1,1,0
젤/MAG,1,1,0
스포일러/NNG,1,0,1
벤더/NNG,1,0,1
우려/NNG;물가/NNG;상승/NNG,1,1,0
구매력/NNG;감소/NNG,1,1,0
투자/NNG;증가/NNG,1,1,0
투자/NNG;가속/NNG,1,1,0
예상/NNG;반대/NNG,1,1,0
가격/NNG;압박/NNG,1,1,0
아끼/VV,2,1,1
유하/NNG,1,1,0
매트/NNG,2,1,1
청과/NNG,1,1,0
당하/VV,3,2,1
실리콘/NNG,1,1,0
중고차/NNG,1,1,0
끈끈/NNG,1,1,0
견고/NNG,1,1,0
거비/NNG,1,1,0
고경/NNG,1,1,0
드레/NNG,1,1,0
이징/NNG,1,1,0
품인/NNG,1,1,0
다국적/NNG,1,1,0
비커스/NNG,1,1,0
원론/NNG,1,1,0
자산관리자/NNG,1,1,0
돌려준/VV,1,1,0
버그바운티/NNG,1,1,0
완장/NNG,1,1,0
이관/NNG,1,1,0
사공/NNG,1,1,0
안락/NNG,1,1,0
연약/NNG,1,1,0
야생/NNG,1,1,0
산산조각/NNG,1,1,0
심리/NNG;회복/NNG,2,1,1
가격/NNG;정체/NNG,1,0,1
지준/NNG;늘/VV,1,0,1
아인/NNG,1,0,1
계절적/VAX,2,0,2
스프/NNG,2,1,1
송신/NNG,1,0,1
송수신/NNG,2,0,2
복호화/NNG,1,0,1
고르/VA,1,0,1
소화/NNG,1,0,1
지준/NNG,5,0,5
잰/VA,1,0,1
네트/NNG,1,0,1
거래량비율/NNG,1,0,1
왓/VV,2,0,2
티셔츠/NNG,2,0,2
왓/NNG,1,0,1
새겨진/VV,1,0,1
만유/NNG,1,0,1
글로벌/NNG;성장/NNG,2,1,1
개였/VV,2,1,1
적가/NNG,1,0,1
안티/NNG,1,0,1
투자신탁회사/NNG,2,0,2
거점/NNG,1,0,1
투자신탁/NNG,2,1,1
소비/NNG;늘/VV,1,0,1
끼친다는/VV,1,0,1
파괴/NNG,5,3,2
해싱/NNG,1,0,1
냉각/NNG,1,0,1
전력량/NNG,2,0,2
드러난다/VV,2,1,1
킬로/NNG,1,0,1
일동/NNG,1,0,1
와트/NNG,1,0,1
방출/NNG,1,0,1
무조건/NNG,1,0,1
탄소중립/NNG,1,0,1
배출량/NNG,1,0,1
금융센터/NNG,1,0,1
태양열/NNG,1,0,1
지표/NNG;긍정적/VAX,2,1,1
혁신/NNG;성장/NNG,2,1,1
하락/NNG;상승/NNG,1,1,0
명훈/NNG,4,4,0
도규/NNG,1,1,0
박차/VV,1,1,0
유니폼/NNG,1,1,0
새겨지/VV,1,1,0
두각/NNG,1,1,0
무궁무진/NNG,2,2,0
재하/VV,1,1,0
애호가/NNG,4,3,1
성장성/NNG,1,1,0
상위기업/NNG,1,1,0
겸/VV,2,1,1
스릴/NNG,1,1,0
퓨마/NNG,1,1,0
동료애/NNG,1,1,0
구간/NNG,5,5,0
리본/NNG,3,3,0
색/NNG,7,6,1
파란색/NNG,4,3,1
평균치/NNG,1,1,0
서두/NNG,1,1,0
블로깅/NNG,1,1,0
전문학교/NNG,1,1,0
소녀/NNG,1,1,0
일화/NNG,1,1,0
자산시장/NNG;상승/NNG,1,0,1
변동성/NNG;완화/NNG,1,0,1
손실/NNG;감소/NNG,1,0,1
하락/NNG;넘/VV,1,0,1
심포/NNG,1,0,1
지움/VV,1,0,1
및/VV,1,0,1
순유입/NNG,2,1,1
필드/NNG,1,0,1
소매시장/NNG,1,0,1
발행재개/NNG,1,0,1
아치/NNG,1,0,1
현금등가물/NNG,2,0,2
거친/VA,1,0,1
고마움/NNG,1,0,1
총은/NNG,2,1,1
첨언/NNG,2,1,1
판매/NNG;중단/NNG,2,0,2
재범/NNG,6,0,6
명화/NNG,1,0,1
배열/NNG,1,0,1
도트/NNG,1,0,1
좌표/NNG,1,0,1
감우/NNG,1,0,1
콜라/NNG,1,0,1
패러디/NNG,2,0,2
개구리/NNG,2,0,2
테이퍼링/NNG;자산/NNG;매입/NNG;축소/NNG,2,1,1
금리/NNG;인상/NNG;물가/NNG;상승/NNG,1,0,1
높/VA;인플레이션/NNG;우려/NNG,1,0,1
가계/NNG;부채/NNG;부담/NNG,1,0,1
이자/NNG;부담/NNG;증가/NNG,1,0,1
금리/NNG;소폭/MAG;인상/NNG,1,0,1
낮/VA;금리/NNG;인상/NNG,1,0,1
자산시장/NNG;거품/NNG,1,0,1
소비/NNG;확산/NNG,1,0,1
견조/NNG;회복/NNG,1,0,1
돈/NNG;빠지/VV,1,0,1
불어난/VV,1,0,1
승인액/NNG,1,0,1
추경/NNG,1,0,1
성도/NNG,1,0,1
취약계층/NNG,1,0,1
금융정책/NNG,1,0,1
예금은행/NNG,1,0,1
숙고/NNG,1,0,1
라마/NNG,2,1,1
스킨/NNG,2,0,2
하달/NNG,2,0,2
불완전/NNG,1,0,1
재차/NNG,1,0,1
변동성/NNG;확대/NNG,1,0,1
지표/NNG;증가/NNG,2,0,2
인사청문회/NNG,2,0,2
연계금융/NNG,1,0,1
이대로/MAG,1,0,1
가리켜/VV,1,0,1
정체국면/NNG,2,1,1
플로/NNG,1,0,1
우란/NNG,1,0,1
양수/NNG,1,0,1
음수/NNG,1,0,1
매도포지션/NNG,3,1,2
현업/NNG,1,0,1
걸맞/VA,1,0,1
완연/NNG,1,0,1
스톱로스/NNG,1,0,1
손절가/NNG,1,0,1
관부/NNG,1,0,1
돈/NNG;쉽/VA;않/VX,1,0,1
슬램/NNG,1,0,1
즐긴다/VV,1,0,1
절약/NNG,2,1,1
벌지/NNG,1,0,1
스무드/NNG,1,0,1
러브/NNG,1,0,1
포션/NNG,1,0,1
교배/NNG,1,0,1
스킬/NNG,2,0,2
그래서인지/VA,1,0,1
장학금/NNG,8,0,8
장학생/NNG,4,0,4
학비/NNG,1,0,1
쌍방/NNG,1,0,1
빌려서/VV,1,0,1
대여자/NNG,1,0,1
이뤄진다는/VV,1,0,1
가계정/NNG,1,0,1
둔갑/NNG,2,0,2
즐길/VV,1,0,1
얼리/NNG,1,0,1
닉네임/NNG,1,0,1
생계/NNG,1,0,1
무선국/NNG,1,0,1
수협/NNG,1,0,1
어업/NNG,1,0,1
데스/NNG,2,0,2
역/MAG,2,0,2
부릅니다/VV,1,0,1
위함입니다/VV,1,0,1
레버리지/NNG;감소/NNG,1,0,1
심리/NNG;압박/NNG,1,0,1
하락/NNG;안정/NNG,1,0,1
낮/VA;하락/NNG,1,0,1
진창/NNG,1,0,1
소매점/NNG,1,0,1
플래너/NNG,1,0,1
고용창출/NNG,1,0,1
입장료/NNG,1,0,1
옮/VV,1,0,1
전시관/NNG,3,2,1
웨딩/NNG,1,0,1
패션쇼/NNG,1,0,1
테마파크/NNG,1,0,1
건축가/NNG,2,0,2
관두/VV,1,0,1
직업군/NNG,1,0,1
코치/NNG,1,0,1
회석/NNG,1,0,1
청원/NNG,1,0,1
매운/VA,1,0,1
입찰가/NNG,1,0,1
앞질러/VV,1,0,1
우투/NNG,1,0,1
무로/NNG,1,0,1
왁스/NNG,1,0,1
원스톱서비스/NNG,1,0,1
소더비/NNG,4,0,4
매소/NNG,1,0,1
미래/NNG;성장/NNG,1,1,0
헤더/NNG,20,20,0
포츈/NNG,2,2,0
섹션/NNG,3,1,2
명문/NNG,1,1,0
유수/NNG,1,1,0
헤다/NNG,1,1,0
타임스탬프/NNG,1,1,0
라벨/NNG,1,1,0
바코드/NNG,1,1,0
연어/NNG,1,1,0
아워/NNG,1,1,0
소모량/NNG,1,1,0
발생량/NNG,1,1,0
상괘/NNG,1,1,0
만분/NNG,1,1,0
기술원/NNG,1,1,0
기술이전/NNG,2,2,0
협력체/NNG,2,2,0
시계열/NNG,1,1,0
실무/NNG,2,2,0
유나/NNG,1,1,0
페이먼트/NNG,1,1,0
바이블/NNG,1,1,0
망가질/VV,1,1,0
반대편/NNG,2,1,1
기대/NNG;가격/NNG;상승/NNG,1,1,0
가격/NNG;지지/NNG,1,1,0
하락/NNG;전환/NNG,1,1,0
아낄/VV,1,1,0
라이덴/NNG,1,1,0
오리지널/NNG,1,1,0
미확정/NNG,1,1,0
노란/VA,2,2,0
빨간/VA,2,1,1
평행/NNG,1,1,0
파란/VA,1,1,0
녹색/NNG,3,3,0
눌리/VV,2,1,1
적색/NNG,1,1,0
등극/NNG,3,2,1
갈라진다는/VV,1,1,0
방금/MAG,1,1,0
다큐/NNG,1,1,0
멘/VV,1,1,0
아메리칸/NNG,1,1,0
여론조사/NNG,1,1,0
인턴/NNG,4,0,4
활력/NNG,1,0,1
실습/NNG,2,0,2
감춘/VV,1,0,1
오래/VA,1,0,1
척척/MAG,1,0,1
일손/NNG,1,0,1
핑계/NNG,1,0,1
노가다/NNG,1,0,1
엎어져/VV,1,0,1
중도/NNG,2,0,2
않/VV,1,0,1
수료증/NNG,1,0,1
방학/NNG,1,0,1
바친/VV,1,0,1
음란물/NNG,10,0,10
누드/NNG,1,0,1
사자/NNG,1,0,1
채식/NNG,1,0,1
왼발/NNG,1,0,1
통째/NNG,2,1,1
헌법/NNG,4,0,4
오락물/NNG,1,0,1
당좌/NNG,1,0,1
기독교/NNG,1,0,1
신정론/NNG,1,0,1
청교도/NNG,2,0,2
안건/NNG,3,1,2
장과/NNG,2,1,1
초크/NNG,13,0,13
거슬러/VV,1,0,1
비평가/NNG,1,0,1
저지르/VV,1,0,1
결체/NNG,1,0,1
영업권/NNG,1,0,1
겉잡/VV,1,0,1
카테고리/NNG,1,0,1
총기/NNG,4,0,4
탄약/NNG,1,0,1
딜러/NNG,1,0,1
폭죽/NNG,1,0,1
담배/NNG,1,0,1
포르노/NNG,1,0,1
연원/NNG,1,0,1
생생히/MAG,1,0,1
접근권/NNG,1,0,1
떠오른다면/VV,1,0,1
기함/NNG,1,0,1
돌이킬/VV,1,0,1
다코타/NNG,1,0,1
선별적/VAX,2,0,2
철폐/NNG,1,0,1
극찬/NNG,1,0,1
애피타이저/NNG,1,0,1
수론/NNG,1,0,1
자라/VV,1,0,1
정적/NNG,2,0,2
전술/NNG,2,1,1
공교/NNG,1,0,1
벗어난다는/VV,1,0,1
여실히/MAG,2,1,1
부활/NNG,1,0,1
극우/NNG,1,0,1
의기양양/NNG,1,0,1
선출/NNG,1,0,1
바뀐다면/VV,1,0,1
전인/NNG,2,1,1
폭락장/NNG,1,1,0
회복국면/NNG,1,1,0
시스템/NNG;강화/NNG,1,1,0
파견/NNG,3,3,0
회/MAG,3,2,1
행정관/NNG,1,1,0
곽/NNG,1,1,0
구조조정본부/NNG,1,1,0
지체/NNG,1,1,0
감시인/NNG,1,1,0
녜/NNG,2,2,0
돔/NNG,1,1,0
바텀업/NNG,1,1,0
애칭/NNG,1,1,0
합심/NNG,1,1,0
리스크오프/NNG;위험자산/NNG;회피/NNG,1,0,1
거들/VV,1,0,1
앞장설/VV,1,0,1
앞장/NNG,1,0,1
다녀왔/VV,1,0,1
곧/VA,1,0,1
창립총회/NNG,1,0,1
사무총장/NNG,1,0,1
월경/NNG,1,0,1
관객/NNG,1,0,1
스타터/NNG,3,0,3
리스크오프/NNG,1,0,1
예상/NNG;떨어/VV,1,0,1
빨간색/NNG,4,3,1
초록색/NNG,1,0,1
몬/VV,1,1,0
화마/NNG,1,1,0
텐/NNG,1,1,0
외국인/NNG;자금/NNG;유입/NNG;증가/NNG,1,0,1
비용/NNG;낮/VV,1,0,1
빌리지/NNG,1,0,1
반살/NNG,1,0,1
머드/NNG,1,0,1
저조/NNG,5,3,2
성장동력/NNG,1,0,1
개발붐/NNG,1,0,1
준비은행/NNG,1,0,1
빠트리/VV,1,0,1
두려워했/VV,1,0,1
퍼졌/VV,1,0,1
금지법/NNG,1,0,1
강수/NNG,1,0,1
폄하/NNG,1,0,1
문전/NNG,1,0,1
박대/NNG,1,0,1
무너진다/VV,1,0,1
임계/NNG,2,0,2
진한/VA,1,0,1
판매소/NNG,1,0,1
메달리스트/NNG,1,0,1
오노/NNG,3,0,3
스케이팅/NNG,1,0,1
가상화폐공개/NNG,1,0,1
연방국/NNG,1,0,1
업무계획/NNG,2,0,2
법전/NNG,1,0,1
오리무중/NNG,1,0,1
넓힐/VV,1,0,1
가격/NNG;변동성/NNG;높/VA,1,0,1
하방/NNG;압력/NNG;강하/VA,1,0,1
아울러/VV,1,0,1
틈타/VV,1,0,1
과대/NNG,1,0,1
우상향/NNG,1,0,1
삼바/NNG,1,0,1
소액투자자/NNG,1,0,1
추악/NNG,1,0,1
국문/NNG,1,0,1
중문/NNG,1,0,1
고생/NNG,2,1,1
떠올라/VV,1,0,1
괜히/MAG,1,0,1
시원섭섭/NNG,1,0,1
감회/NNG,1,0,1
황색/NNG,1,0,1
하늘색/NNG,1,0,1
불안/NNG;해소/NNG,1,1,0
피치/NNG,2,2,0
뿌리/VV,1,1,0
정확도/NNG,1,1,0
재빨리/MAG,1,1,0
델피/NNG,1,1,0
기안/NNG,1,1,0
사그라졌/VV,1,1,0
수습/NNG,1,1,0
부팅/NNG,4,4,0
지표/NNG;플러스/NNG,1,1,0
가격/NNG;긍정적/VAX,1,1,0
지표/NNG;상승/NNG,1,1,0
시위대/NNG,3,3,0
불태웠/VV,1,1,0
팻말/NNG,1,1,0
붙였/VV,2,2,0
두란/NNG,1,1,0
불태우/VV,1,1,0
폭동/NNG,1,1,0
팔아넘겼/VV,1,1,0
십자가/NNG,8,8,0
측력/NNG,1,1,0
버터/NNG,1,1,0
일단락/NNG,1,1,0
영화배우/NNG,1,1,0
더빙/NNG,1,1,0
건축업/NNG,1,1,0
퍼져나갔/VV,1,1,0
스캔들/NNG,1,1,0
선물협회/NNG,2,2,0
시부/NNG,2,1,1
객관성/NNG,1,1,0
과점/NNG,1,1,0
호대/NNG,1,1,0
불타/VV,1,1,0
걸작/NNG,1,1,0
미술사/NNG,1,1,0
지원자금/NNG,1,1,0
저점/NNG;낮/VA,1,0,1
돌아간/VV,2,0,2
과대광고/NNG,6,0,6
실감/NNG,1,0,1
변덕/NNG,1,0,1
솔트/NNG,5,0,5
개회식/NNG,1,0,1
재비/NNG,1,0,1
배회/NNG,1,0,1
빼앗겼/VV,1,0,1
광고판/NNG,1,0,1
나란히/MAG,1,0,1
호황국면/NNG,1,0,1
다/NNG,2,0,2
기울었/VV,1,0,1
다라/NNG,1,0,1
들릴/VV,1,0,1
거칠/VA,1,0,1
자본력/NNG,2,0,2
단연/NNG,1,0,1
돌아올지/VV,1,0,1
닥칠지/VV,1,0,1
인임/NNG,1,0,1
불운/NNG,1,0,1
전환점/NNG,1,0,1
투자비/NNG,1,0,1
다진다/VV,1,0,1
년대말/NNG,2,0,2
조소/NNG,1,0,1
녹/NNG,2,0,2
색원/NNG,2,0,2
하얀/VA,1,0,1
지가/NNG,1,0,1
노티스/NNG,1,0,1
구대/NNG,1,0,1
모른/VV,1,0,1
테이퍼링/NNG;금리/NNG;인상/NNG,1,1,0
금리/NNG;인상/NNG;불확실성/NNG,1,1,0
fed/NNG;금리/NNG;인하/NNG,1,1,0
자산/NNG;매입/NNG;축소/NNG,1,1,0
경기/NNG;회복/NNG;자신/NNG,1,1,0
물가/NNG;고용/NNG;안정/NNG,1,1,0
채권/NNG;매입/NNG;축소/NNG,1,1,0
검은색/NNG,1,1,0
점선/NNG,1,1,0
볼까/VV,1,1,0
비친/VV,1,1,0
밝혀왔/VV,1,1,0
부동산개발/NNG,2,2,0
잠자/VV,2,2,0
호호/MAG,1,1,0
리호/NNG,1,1,0
체받/VV,1,1,0
즈/NNG,2,2,0
잦아들/VV,1,1,0
인하/NNG,1,1,0
앞당겨졌/VV,1,1,0
소비지/NNG,1,1,0
출물/NNG,1,1,0
외틀/VV,5,0,5
종빈/NNG,2,0,2
송/NNG,1,0,1
서윤/NNG,1,0,1
서범/NNG,1,0,1
타원/NNG,1,0,1
원소/NNG,1,0,1
랜/NNG,1,0,1
여행지/NNG,2,0,2
별/NNG,1,0,1
유한/NNG,1,0,1
부득이/MAG,2,0,2
독과점/NNG,3,1,2
전망/NNG;어렵/VA,1,1,0
화천/NNG,4,4,0
대유/NNG,4,4,0
장동/NNG,2,2,0
자연독점/NNG,1,1,0
대치/NNG,2,2,0
오비/VV,2,2,0
여태/MAG,1,1,0
비노/NNG,1,1,0
통달/NNG,1,0,1
돌린다/VV,1,0,1
수배/NNG,1,0,1
도박장/NNG,1,0,1
무혐/NNG,1,0,1
중론/NNG,1,0,1
청산시점/NNG,1,0,1
배율/NNG,4,0,4
타인자본/NNG,1,0,1
지렛대/NNG,1,0,1
숏포지션/NNG,1,0,1
써서/VV,1,0,1
전합니다/VV,1,0,1
옮겨간/VV,1,0,1
취득원가/NNG,1,0,1
취득가격/NNG,1,0,1
건립/NNG,1,0,1
가격/NNG;상방/NNG,1,0,1
상방/NNG;하방/NNG,1,0,1
원증/NNG,1,0,1
유피아이/NNG,1,0,1
혼조/NNG,1,0,1
황기/NNG,1,0,1
원오/NNG,2,0,2
포토/NNG,1,0,1
예매/NNG,1,0,1
명함/NNG,1,0,1
아르고/NNG,1,0,1
전시회/NNG,6,6,0
입구/NNG,1,1,0
개소리/NNG,2,2,0
으뜸/NNG,1,1,0
꾸리/VV,1,1,0
이름난/VV,1,1,0
저력/NNG,1,1,0
댄스파티/NNG,1,1,0
리유/NNG,15,15,0
어스/NNG,15,15,0
코믹스/NNG,1,1,0
대관/NNG,1,1,0
닥터/NNG,11,11,0
유신/NNG,1,1,0
명장면/NNG,3,3,0
추첨/NNG,3,3,0
기념품/NNG,3,3,0
증정/NNG,2,2,0
응모/NNG,1,1,0
당첨자/NNG,2,2,0
포스터/NNG,2,2,0
붙인다/VV,1,1,0
여왕/NNG,1,1,0
심리학자/NNG,1,1,0
트라우마/NNG,1,1,0
만화책/NNG,1,1,0
간직/NNG,1,1,0
어울리/VV,1,1,0
셀로/NNG,5,5,0
매캐/NNG,1,1,0
니즘/NNG,1,1,0
기밀/NNG,2,2,0
거래기업/NNG,1,1,0
전언/NNG,1,1,0
덤프/NNG,1,1,0
자산/NNG;가격/NNG;하락/NNG,1,1,0
레버리지/NNG;축소/NNG,1,1,0
레버리지/NNG;위험/NNG,1,1,0
위험/NNG;축소/NNG,1,1,0
공급/NNG;둔화/NNG,1,1,0
위협/NNG;없/VA,1,1,0
네모/NNG,2,2,0
적기/NNG,1,1,0
부연/VA,1,1,0
나온다는/VV,1,1,0
외부충격/NNG,1,1,0
압/NNG,1,1,0
그럴싸/VA,1,1,0
영웅/NNG,1,1,0
공산당/NNG,3,3,0
선급금/NNG,1,1,0
부체/NNG,1,1,0
순부채비율/NNG,1,1,0
기체/NNG,1,1,0
철퇴/NNG,1,1,0
받아들여왔/VV,1,1,0
단기투자자/NNG,1,1,0
떠날/VV,1,1,0
빈자리/NNG,1,1,0
시노/NNG,2,2,0
금지조항/NNG,1,1,0
읽히/VV,1,1,0
걱정거리/NNG,1,1,0
도둑맞/VV,1,1,0
저질러/VV,1,1,0
훔쳤/VV,1,1,0
가로채/VV,1,1,0
어렵/VA;인상/NNG,1,1,0
흉/NNG,1,1,0
완성도/NNG,3,3,0
친한/VA,1,1,0
그림판/NNG,2,2,0
감성/NNG,2,2,0
기성/NNG,4,4,0
탄탄히/MAG,1,1,0
매겨/VV,1,1,0
실험장/NNG,1,1,0
화가/NNG,1,1,0
숲/NNG,1,1,0
사조/NNG,2,2,0
꽃피워/VV,1,1,0
가격/NNG;최대/NNG,1,1,0
유출/NNG;위험/NNG,1,1,0
기반시설/NNG,1,1,0
효/NNG,1,1,0
수문/NNG,1,1,0
닛케이/NNG,1,1,0
숏커버링/NNG,2,2,0
합/MAG,1,1,0
유입액/NNG,2,2,0
시너/NNG,1,1,0
지아/NNG,1,1,0
기하급수/NNG,1,1,0
처해/VV,1,1,0
에이엠/NNG,2,2,0
아이덴티티/NNG,1,1,0
스크랩/NNG,1,1,0
팅/MAG,2,2,0
헤딩/NNG,1,1,0
집단지성/NNG,1,1,0
낙타/NNG,1,1,0
종일/NNG,1,1,0
만추/NNG,1,1,0
바치/VV,1,1,0
생겨/VV,2,1,1
컬렉터/NNG,1,1,0
섞여/VV,1,1,0
태어났/VV,1,1,0
부탁드립니다/VV,1,1,0
어떤/VA,1,1,0
발동/NNG,1,1,0
색깔/NNG,2,2,0
화려/NNG,1,1,0
번화/NNG,1,1,0
둘러/VV,1,1,0
놀람/NNG,1,1,0
천둥/NNG,1,1,0
배변/NNG,1,1,0
노란색/NNG,1,1,0
호된/VA,1,1,0
신고식/NNG,1,1,0
나타냅니다/VV,1,1,0
느낌표/NNG,1,1,0
물음표/NNG,1,1,0
사이버펑크/NNG,1,1,0
미학/NNG,1,1,0
흰색/NNG,1,1,0
망설임/VV,1,1,0
설렘/VV,1,1,0
형상/NNG,1,1,0
검정/NNG,1,1,0
토해/VV,1,1,0
저점/NNG;고점/NNG,1,1,0
가격/NNG;바닥/NNG,1,1,0
공급/NNG;늘/VV,1,1,0
반등장/NNG,1,1,0
미실현이익/NNG,5,5,0
실현이익/NNG,2,2,0
점유/NNG,1,1,0
다르/VV,1,1,0
공정거래법/NNG,1,1,0
지배적사업자/NNG,1,1,0
예술계/NNG,2,1,1
훈민정음/NNG,2,1,1
혜/NNG,2,1,1
례/NNG,2,1,1
평균량/NNG,2,2,0
소별/NNG,1,1,0
태/VV,1,1,0
이를지/NNG,1,1,0
장난감/NNG,1,1,0
미술가/NNG,1,1,0
낱낱/NNG,1,1,0
캔버스/NNG,1,1,0
적혔/VV,1,1,0
저럴/VV,1,1,0
천일/NNG,3,3,0
풍자/NNG,1,1,0
동성애/NNG,1,1,0
스테레오타입/NNG,1,1,0
솜씨/NNG,1,1,0
근사/NNG,1,1,0
마침/NNG,1,1,0
모여드/VV,1,1,0
산업/NNG;악영향/NNG,1,1,0
소비/NNG;나쁘/VA,1,1,0
승승장구/NNG,1,1,0
래치/NNG,1,1,0
방로/NNG,1,1,0
자차/NNG,1,1,0
일회용/NNG,1,1,0
기울이/VV,2,2,0
펼쳐야/VV,1,1,0
자화자찬/NNG,1,1,0
어처구니/NNG,1,1,0
진의/NNG,1,1,0
때마침/MAG,1,1,0
푸르/VA,3,3,0
낱낱이/MAG,1,1,0
파헤치/VV,1,1,0
훔쳐라/VV,1,1,0
접한/VV,1,1,0
논박/NNG,1,1,0
깔린/VV,1,1,0
풍차/NNG,1,1,0
태양에너지/NNG,1,1,0
지구온난화/NNG,2,2,0
금융수단/NNG,1,1,0
잊어버리/VV,1,1,0
조가비/NNG,1,1,0
구슬/NNG,2,2,0
웜/NNG,3,3,0
마을/NNG,1,1,0
오일달러/NNG,2,2,0
군비/NNG,1,1,0
성행/NNG,1,1,0
곧잘/MAG,1,1,0
타르/NNG,1,1,0
시커먼/VA,1,1,0
연소/NNG,1,1,0
분진/NNG,2,2,0
온실가스배출량/NNG,1,1,0
게으르/VA,1,1,0
뷔페/NNG,1,1,0
불쾌/NNG,1,1,0
침몰/NNG,1,1,0
산호초/NNG,1,1,0
태울/VV,1,1,0
펼친다/VV,1,1,0
어이없/VA,1,1,0
비용편익분석/NNG,1,1,0
합쳐져서/VV,1,1,0
노예/NNG,1,1,0
애쓴/VV,1,1,0
한미/NNG,1,1,0
남겨진/VV,1,1,0
개발비/NNG,1,1,0
경력직/NNG,1,1,0
희망자/NNG,2,2,0
프로덕트/NNG,1,1,0
체온/NNG,1,1,0
드린다/VV,1,1,0
무이자/NNG,1,1,0
가지각색/NNG,2,0,2
전유물/NNG,1,0,1
물꼬/NNG,1,0,1
트이/VV,1,0,1
발행인/NNG,1,0,1
고쳤/VV,1,0,1
안상/NNG,1,0,1
뭉뚱그려서/VV,1,0,1
한눈/NNG,1,0,1
지나칠/VV,1,0,1
소급/NNG,8,0,8
공공재/NNG,19,0,19
킥오프/NNG,1,0,1
문외한/NNG,1,0,1
꾹/MAG,1,0,1
특정인/NNG,1,0,1
가격지불/NNG,1,0,1
상이/NNG,1,0,1
윤택/NNG,1,0,1
상할/VV,1,0,1
붓/VV,1,0,1
모은다면/VV,1,0,1
외부효과/NNG,1,0,1
부수/NNG,1,0,1
갈망/NNG,1,0,1
몰록/MAG,1,0,1
티티/NNG,1,0,1
탈피/NNG,1,0,1
친목/NNG,1,0,1
테크노크라시/NNG,1,0,1
명망/NNG,1,0,1
지휘/NNG,2,0,2
오크라/NNG,1,0,1
행하/VV,1,0,1
방장/NNG,1,0,1
소소/NNG,1,0,1
식상/NNG,1,0,1
양적완화/NNG;정책/NNG;중단/NNG,1,1,0
위험자산/NNG;가격/NNG;오르/VV,1,1,0
절반/NNG;금리/NNG;인상/NNG,1,1,0
가격/NNG;소폭/MAG;상승/NNG,1,1,0
단기/NNG;위험/NNG,1,1,0
여겨져서/VV,1,1,0
푼/VV,1,1,0
실적/NNG;저조/NNG,1,1,0
샘/VV,1,1,0
누사/NNG,1,1,0
갈아탄/VV,1,1,0
하리/NNG,1,1,0
변동성/NNG;매우/MAG;높/VA,1,1,0
춰/VV,1,1,0
생명체/NNG,1,1,0
부캐/NNG,1,1,0
윈도쇼핑/NNG,1,1,0
홀린/VV,1,1,0
쪼/MAG,1,1,0
만이/NNG,1,1,0
그럴싸/NNG,1,1,0
현물/NNG;가격/NNG;상승/NNG,1,1,0
높/VA;가격/NNG;상승/NNG,1,1,0
투자심리/NNG;개선/NNG,1,1,0
팍/MAG,1,1,0
관되/NNG,1,1,0
마/VV,1,1,0
현진/NNG,1,1,0
붕/MAG,1,1,0
안담/NNG,1,1,0
특공대/NNG,1,1,0
작곡가/NNG,1,1,0
순항/NNG,1,1,0
불러일으켜/VV,1,1,0
친가/NNG,1,1,0
이너/NNG,1,1,0
망했/VV,1,1,0
급작스레/MAG,1,1,0
손실/NNG;방지/NNG,1,1,0
전망/NNG;낙관/NNG,1,1,0
어김없/VA,1,1,0
냉정/NNG,1,1,0
아노/NNG,1,1,0
채권단/NNG,1,1,0
자산시장/NNG;안정/NNG,1,0,1
투자/NNG;높/VA,1,0,1
기울였/VV,1,0,1
분원/NNG,1,0,1
영과/NNG,1,0,1
현판식/NNG,1,0,1
경구/NNG,1,0,1
임하/VV,1,0,1
공로/NNG,1,0,1
타의/NNG,1,0,1
수여/NNG,1,0,1
번창/NNG,3,0,3
경청/NNG,1,0,1
아레나/NNG,1,0,1
프로모션/NNG,3,0,3
리트윗/NNG,1,0,1
치패/NNG,1,0,1
랍/NNG,1,0,1
다질/VV,1,0,1
회차/NNG,1,0,1
이색/NNG,1,0,1
하락/NNG;지지/NNG,1,1,0
선과/NNG,2,2,0
버텨/VV,1,1,0
동그라미/NNG,1,1,0
조만/NNG,1,1,0
민중/NNG,1,1,0
숏/NNG,1,1,0
자산/NNG;부정적/VAX,1,1,0
수익/NNG;향상/NNG,1,1,0
증권금융/NNG,1,1,0
밀/NNG,1,1,0
둘/VV,1,1,0
mmf/NNG,1,1,0
공사채/NNG,1,1,0
고쳐야/VV,1,1,0
비자금/NNG,1,1,0
만춘/NNG,1,1,0
셰리/NNG,1,1,0
몬드/NNG,1,1,0
퍼트/NNG,1,1,0
좋/VA;고평가/NNG,1,0,1
차익실현/NNG,1,0,1
약진/NNG,1,0,1
